1.050000e+02
1.050026e+02
1.050052e+02
1.050078e+02
1.050104e+02
1.050130e+02
1.050156e+02
1.050182e+02
1.050208e+02
1.050234e+02
1.050259e+02
1.050285e+02
1.050311e+02
1.050337e+02
1.050363e+02
1.050389e+02
1.050415e+02
1.050440e+02
1.050466e+02
1.050492e+02
1.050517e+02
1.050543e+02
1.050569e+02
1.050594e+02
1.050620e+02
1.050645e+02
1.050671e+02
1.050696e+02
1.050722e+02
1.050747e+02
1.050772e+02
1.050798e+02
1.050823e+02
1.050848e+02
1.050873e+02
1.050898e+02
1.050923e+02
1.050948e+02
1.050973e+02
1.050998e+02
1.051023e+02
1.051048e+02
1.051073e+02
1.051097e+02
1.051122e+02
1.051146e+02
1.051171e+02
1.051195e+02
1.051220e+02
1.051244e+02
1.051268e+02
1.051292e+02
1.051316e+02
1.051340e+02
1.051364e+02
1.051388e+02
1.051412e+02
1.051435e+02
1.051459e+02
1.051483e+02
1.051506e+02
1.051529e+02
1.051553e+02
1.051576e+02
1.051599e+02
1.051622e+02
1.051645e+02
1.051668e+02
1.051691e+02
1.051714e+02
1.051736e+02
1.051759e+02
1.051781e+02
1.051804e+02
1.051826e+02
1.051848e+02
1.051870e+02
1.051892e+02
1.051914e+02
1.051936e+02
1.051958e+02
1.051979e+02
1.052001e+02
1.052022e+02
1.052044e+02
1.052065e+02
1.052086e+02
1.052107e+02
1.052128e+02
1.052149e+02
1.052170e+02
1.052191e+02
1.052211e+02
1.052232e+02
1.052252e+02
1.052272e+02
1.052292e+02
1.052312e+02
1.052332e+02
1.052352e+02
1.052372e+02
1.052392e+02
1.052411e+02
1.052431e+02
1.052450e+02
1.052469e+02
1.052488e+02
1.052507e+02
1.052526e+02
1.052545e+02
1.052564e+02
1.052582e+02
1.052601e+02
1.052619e+02
1.052637e+02
1.052656e+02
1.052674e+02
1.052692e+02
1.052709e+02
1.052727e+02
1.052745e+02
1.052762e+02
1.052780e+02
1.052797e+02
1.052814e+02
1.052831e+02
1.052848e+02
1.052865e+02
1.052882e+02
1.052899e+02
1.052915e+02
1.052932e+02
1.052948e+02
1.052964e+02
1.052981e+02
1.052997e+02
1.053013e+02
1.053028e+02
1.053044e+02
1.053060e+02
1.053075e+02
1.053091e+02
1.053106e+02
1.053121e+02
1.053136e+02
1.053151e+02
1.053166e+02
1.053181e+02
1.053196e+02
1.053210e+02
1.053225e+02
1.053239e+02
1.053253e+02
1.053268e+02
1.053282e+02
1.053296e+02
1.053310e+02
1.053323e+02
1.053337e+02
1.053351e+02
1.053364e+02
1.053378e+02
1.053391e+02
1.053404e+02
1.053417e+02
1.053430e+02
1.053443e+02
1.053456e+02
1.053468e+02
1.053481e+02
1.053494e+02
1.053506e+02
1.053518e+02
1.053531e+02
1.053543e+02
1.053555e+02
1.053567e+02
1.053579e+02
1.053590e+02
1.053602e+02
1.053614e+02
1.053625e+02
1.053637e+02
1.053648e+02
1.053659e+02
1.053670e+02
1.053681e+02
1.053692e+02
1.053703e+02
1.053714e+02
1.053725e+02
1.053735e+02
1.053746e+02
1.053756e+02
1.053767e+02
1.053777e+02
1.053787e+02
1.053797e+02
1.053807e+02
1.053817e+02
1.053827e+02
1.053837e+02
1.053847e+02
1.053856e+02
1.053866e+02
1.053875e+02
1.053885e+02
1.053894e+02
1.053903e+02
1.053913e+02
1.053922e+02
1.053931e+02
1.053940e+02
1.053949e+02
1.053957e+02
1.053966e+02
1.053975e+02
1.053983e+02
1.053992e+02
1.054000e+02
1.054009e+02
1.054017e+02
1.054025e+02
1.054033e+02
1.054041e+02
1.054049e+02
1.054057e+02
1.054065e+02
1.054073e+02
1.054081e+02
1.054088e+02
1.054096e+02
1.054104e+02
1.054111e+02
1.054118e+02
1.054126e+02
1.054133e+02
1.054140e+02
1.054147e+02
1.054155e+02
1.054162e+02
1.054169e+02
1.054175e+02
1.054182e+02
1.054189e+02
1.054196e+02
1.054203e+02
1.054209e+02
1.054216e+02
1.054222e+02
1.054229e+02
1.054235e+02
1.054241e+02
1.054248e+02
1.054254e+02
1.054260e+02
1.054266e+02
1.054272e+02
1.054278e+02
1.054284e+02
1.054290e+02
1.054296e+02
1.054302e+02
1.054308e+02
1.054313e+02
1.054319e+02
1.054324e+02
1.054330e+02
1.054335e+02
1.054341e+02
1.054346e+02
1.054352e+02
1.054357e+02
1.054362e+02
1.054367e+02
1.054373e+02
1.054378e+02
1.054383e+02
1.054388e+02
1.054393e+02
1.054398e+02
1.054403e+02
1.054407e+02
1.054412e+02
1.054417e+02
1.054422e+02
1.054426e+02
1.054431e+02
1.054436e+02
1.054440e+02
1.054445e+02
1.054449e+02
1.054454e+02
1.054458e+02
1.054462e+02
1.054467e+02
1.054471e+02
1.054475e+02
1.054479e+02
1.054484e+02
1.054488e+02
1.054492e+02
1.054496e+02
1.054500e+02
1.054504e+02
1.054508e+02
1.054512e+02
1.054515e+02
1.054519e+02
1.054523e+02
1.054527e+02
1.054531e+02
1.054534e+02
1.054538e+02
1.054542e+02
1.054545e+02
1.054549e+02
1.054552e+02
1.054556e+02
1.054559e+02
1.054563e+02
1.054566e+02
1.054569e+02
1.054573e+02
1.054576e+02
1.054579e+02
1.054583e+02
1.054586e+02
1.054589e+02
1.054592e+02
1.054595e+02
1.054598e+02
1.054602e+02
1.054605e+02
1.054608e+02
1.054611e+02
1.054614e+02
1.054616e+02
1.054619e+02
1.054622e+02
1.054625e+02
1.054628e+02
1.054631e+02
1.054634e+02
1.054636e+02
1.054639e+02
1.054642e+02
1.054645e+02
1.054647e+02
1.054650e+02
1.054652e+02
1.054655e+02
1.054658e+02
1.054660e+02
1.054663e+02
1.054665e+02
1.054668e+02
1.054670e+02
1.054673e+02
1.054675e+02
1.054677e+02
1.054680e+02
1.054682e+02
1.054684e+02
1.054687e+02
1.054689e+02
1.054691e+02
1.054693e+02
1.054696e+02
1.054698e+02
1.054700e+02
1.054702e+02
1.054704e+02
1.054706e+02
1.054709e+02
1.054711e+02
1.054713e+02
1.054715e+02
1.054717e+02
1.054719e+02
1.054721e+02
1.054723e+02
1.054725e+02
1.054727e+02
1.054729e+02
1.054731e+02
1.054732e+02
1.054734e+02
1.054736e+02
1.054738e+02
1.054740e+02
1.054742e+02
1.054743e+02
1.054745e+02
1.054747e+02
1.054749e+02
1.054750e+02
1.054752e+02
1.054754e+02
1.054756e+02
1.054757e+02
1.054759e+02
1.054760e+02
1.054762e+02
1.054764e+02
1.054765e+02
1.054767e+02
1.054768e+02
1.054770e+02
1.054772e+02
1.054773e+02
1.054775e+02
1.054776e+02
1.054778e+02
1.054779e+02
1.054780e+02
1.054782e+02
1.054783e+02
1.054785e+02
1.054786e+02
1.054788e+02
1.054789e+02
1.054790e+02
1.054792e+02
1.054793e+02
1.054794e+02
1.054796e+02
1.054797e+02
1.054798e+02
1.054800e+02
1.054801e+02
1.054802e+02
1.054803e+02
1.054805e+02
1.054806e+02
1.054807e+02
1.054808e+02
1.054809e+02
1.054811e+02
1.054812e+02
1.054813e+02
1.054814e+02
1.054815e+02
1.054816e+02
1.054818e+02
1.054819e+02
1.054820e+02
1.054821e+02
1.054822e+02
1.054823e+02
1.054824e+02
1.054825e+02
1.054826e+02
1.054827e+02
1.054828e+02
1.054829e+02
1.054830e+02
1.054831e+02
1.054832e+02
1.054833e+02
1.054834e+02
1.054835e+02
1.054836e+02
1.054837e+02
1.054838e+02
1.054839e+02
1.054840e+02
1.054841e+02
1.054842e+02
1.054843e+02
1.054844e+02
1.054845e+02
1.054845e+02
1.054846e+02
1.054847e+02
1.054848e+02
1.054849e+02
1.054850e+02
1.054851e+02
1.054851e+02
1.054852e+02
1.054853e+02
1.054854e+02
1.054855e+02
1.054856e+02
1.054856e+02
1.054857e+02
1.054858e+02
1.054859e+02
1.054859e+02
1.054860e+02
1.054861e+02
1.054862e+02
1.054862e+02
1.054863e+02
1.054864e+02
1.054865e+02
1.054865e+02
1.054866e+02
1.054867e+02
1.054867e+02
1.054868e+02
1.054869e+02
1.054869e+02
1.054870e+02
1.054871e+02
1.054871e+02
1.054872e+02
1.054873e+02
1.054873e+02
1.054874e+02
1.054875e+02
1.054875e+02
1.054876e+02
1.054876e+02
1.054877e+02
1.054878e+02
1.054878e+02
1.054879e+02
1.054879e+02
1.054880e+02
1.054881e+02
1.054881e+02
1.054882e+02
1.054882e+02
1.054883e+02
1.054883e+02
1.054884e+02
1.054884e+02
1.054885e+02
1.054886e+02
1.054886e+02
1.054887e+02
1.054887e+02
1.054888e+02
1.054888e+02
1.054889e+02
1.054889e+02
1.054890e+02
1.054890e+02
1.054891e+02
1.054891e+02
1.054892e+02
1.054892e+02
1.054893e+02
1.054893e+02
1.054894e+02
1.054894e+02
1.054894e+02
1.054895e+02
1.054895e+02
1.054896e+02
1.054896e+02
1.054897e+02
1.054897e+02
1.054898e+02
1.054898e+02
1.054898e+02
1.054899e+02
1.054899e+02
1.054900e+02
1.054900e+02
1.054900e+02
1.054901e+02
1.054901e+02
1.054902e+02
1.054902e+02
1.054902e+02
1.054903e+02
1.054903e+02
1.054904e+02
1.054904e+02
1.054904e+02
1.054905e+02
1.054905e+02
1.054905e+02
1.054906e+02
1.054906e+02
1.054906e+02
1.054907e+02
1.054907e+02
1.054907e+02
1.054908e+02
1.054908e+02
1.054908e+02
1.054909e+02
1.054909e+02
1.054909e+02
1.054910e+02
1.054910e+02
1.054910e+02
1.054911e+02
1.054911e+02
1.054911e+02
1.054912e+02
1.054912e+02
1.054912e+02
1.054912e+02
1.054913e+02
1.054913e+02
1.054913e+02
1.054914e+02
1.054914e+02
1.054914e+02
1.054914e+02
1.054915e+02
1.054915e+02
1.054915e+02
1.054916e+02
1.054916e+02
1.054916e+02
1.054916e+02
1.054917e+02
1.054917e+02
1.054917e+02
1.054917e+02
1.054918e+02
1.054918e+02
1.054918e+02
1.054918e+02
1.054919e+02
1.054919e+02
1.054919e+02
1.054919e+02
1.054919e+02
1.054920e+02
1.054920e+02
1.054920e+02
1.054920e+02
1.054921e+02
1.054921e+02
1.054921e+02
1.054921e+02
1.054921e+02
1.054922e+02
1.054922e+02
1.054922e+02
1.054922e+02
1.054922e+02
1.054923e+02
1.054923e+02
1.054923e+02
1.054923e+02
1.054923e+02
1.054923e+02
1.054924e+02
1.054924e+02
1.054924e+02
1.054924e+02
1.054924e+02
1.054925e+02
1.054925e+02
1.054925e+02
1.054925e+02
1.054925e+02
1.054925e+02
1.054926e+02
1.054926e+02
1.054926e+02
1.054926e+02
1.054926e+02
1.054926e+02
1.054926e+02
1.054927e+02
1.054927e+02
1.054927e+02
1.054927e+02
1.054927e+02
1.054927e+02
1.054927e+02
1.054928e+02
1.054928e+02
1.054928e+02
1.054928e+02
1.054928e+02
1.054928e+02
1.054928e+02
1.054928e+02
1.054929e+02
1.054929e+02
1.054929e+02
1.054929e+02
1.054929e+02
1.054929e+02
1.054929e+02
1.054929e+02
1.054929e+02
1.054930e+02
1.054930e+02
1.054930e+02
1.054930e+02
1.054930e+02
1.054930e+02
1.054930e+02
1.054930e+02
1.054930e+02
1.054930e+02
1.054931e+02
1.054931e+02
1.054931e+02
1.054931e+02
1.054931e+02
1.054931e+02
1.054931e+02
1.054931e+02
1.054931e+02
1.054931e+02
1.054931e+02
1.054931e+02
1.054931e+02
1.054932e+02
1.054932e+02
1.054932e+02
1.054932e+02
1.054932e+02
1.054932e+02
1.054932e+02
1.054932e+02
1.054932e+02
1.054932e+02
1.054932e+02
1.054932e+02
1.054932e+02
1.054932e+02
1.054932e+02
1.054932e+02
1.054932e+02
1.054932e+02
1.054933e+02
1.054933e+02
1.054933e+02
1.054933e+02
1.054933e+02
1.054933e+02
1.054933e+02
1.054933e+02
1.054933e+02
1.054933e+02
1.054933e+02
1.054933e+02
1.054933e+02
1.054933e+02
1.054933e+02
1.054933e+02
1.054933e+02
1.054933e+02
1.054933e+02
1.054933e+02
1.054933e+02
1.054933e+02
1.054933e+02
1.054933e+02
1.054933e+02
1.054933e+02
1.054933e+02
1.054933e+02
1.054933e+02
1.054933e+02
1.054933e+02
1.054933e+02
1.054933e+02
1.054933e+02
1.054933e+02
1.054933e+02
1.054933e+02
1.054933e+02
1.054933e+02
1.054933e+02
1.054933e+02
1.054933e+02
1.054933e+02
1.054933e+02
1.054933e+02
1.054933e+02
1.054933e+02
1.054933e+02
1.054933e+02
1.054933e+02
1.054933e+02
1.054933e+02
1.054933e+02
1.054933e+02
1.054933e+02
1.054933e+02
1.054933e+02
1.054932e+02
1.054932e+02
1.054932e+02
1.054932e+02
1.054932e+02
1.054932e+02
1.054932e+02
1.054932e+02
1.054932e+02
1.054932e+02
1.054932e+02
1.054932e+02
1.054932e+02
1.054932e+02
1.054932e+02
1.054932e+02
1.054932e+02
1.054932e+02
1.054931e+02
1.054931e+02
1.054931e+02
1.054931e+02
1.054931e+02
1.054931e+02
1.054931e+02
1.054931e+02
1.054931e+02
1.054931e+02
1.054931e+02
1.054931e+02
1.054931e+02
1.054930e+02
1.054930e+02
1.054930e+02
1.054930e+02
1.054930e+02
1.054930e+02
1.054930e+02
1.054930e+02
1.054930e+02
1.054930e+02
1.054929e+02
1.054929e+02
1.054929e+02
1.054929e+02
1.054929e+02
1.054929e+02
1.054929e+02
1.054929e+02
1.054929e+02
1.054928e+02
1.054928e+02
1.054928e+02
1.054928e+02
1.054928e+02
1.054928e+02
1.054928e+02
1.054928e+02
1.054927e+02
1.054927e+02
1.054927e+02
1.054927e+02
1.054927e+02
1.054927e+02
1.054927e+02
1.054926e+02
1.054926e+02
1.054926e+02
1.054926e+02
1.054926e+02
1.054926e+02
1.054926e+02
1.054925e+02
1.054925e+02
1.054925e+02
1.054925e+02
1.054925e+02
1.054925e+02
1.054924e+02
1.054924e+02
1.054924e+02
1.054924e+02
1.054924e+02
1.054923e+02
1.054923e+02
1.054923e+02
1.054923e+02
1.054923e+02
1.054923e+02
1.054922e+02
1.054922e+02
1.054922e+02
1.054922e+02
1.054922e+02
1.054921e+02
1.054921e+02
1.054921e+02
1.054921e+02
1.054921e+02
1.054920e+02
1.054920e+02
1.054920e+02
1.054920e+02
1.054919e+02
1.054919e+02
1.054919e+02
1.054919e+02
1.054919e+02
1.054918e+02
1.054918e+02
1.054918e+02
1.054918e+02
1.054917e+02
1.054917e+02
1.054917e+02
1.054917e+02
1.054916e+02
1.054916e+02
1.054916e+02
1.054916e+02
1.054915e+02
1.054915e+02
1.054915e+02
1.054914e+02
1.054914e+02
1.054914e+02
1.054914e+02
1.054913e+02
1.054913e+02
1.054913e+02
1.054912e+02
1.054912e+02
1.054912e+02
1.054912e+02
1.054911e+02
1.054911e+02
1.054911e+02
1.054910e+02
1.054910e+02
1.054910e+02
1.054909e+02
1.054909e+02
1.054909e+02
1.054908e+02
1.054908e+02
1.054908e+02
1.054907e+02
1.054907e+02
1.054907e+02
1.054906e+02
1.054906e+02
1.054906e+02
1.054905e+02
1.054905e+02
1.054905e+02
1.054904e+02
1.054904e+02
1.054904e+02
1.054903e+02
1.054903e+02
1.054902e+02
1.054902e+02
1.054902e+02
1.054901e+02
1.054901e+02
1.054900e+02
1.054900e+02
1.054900e+02
1.054899e+02
1.054899e+02
1.054898e+02
1.054898e+02
1.054898e+02
1.054897e+02
1.054897e+02
1.054896e+02
1.054896e+02
1.054895e+02
1.054895e+02
1.054894e+02
1.054894e+02
1.054894e+02
1.054893e+02
1.054893e+02
1.054892e+02
1.054892e+02
1.054891e+02
1.054891e+02
1.054890e+02
1.054890e+02
1.054889e+02
1.054889e+02
1.054888e+02
1.054888e+02
1.054887e+02
1.054887e+02
1.054886e+02
1.054886e+02
1.054885e+02
1.054884e+02
1.054884e+02
1.054883e+02
1.054883e+02
1.054882e+02
1.054882e+02
1.054881e+02
1.054881e+02
1.054880e+02
1.054879e+02
1.054879e+02
1.054878e+02
1.054878e+02
1.054877e+02
1.054876e+02
1.054876e+02
1.054875e+02
1.054875e+02
1.054874e+02
1.054873e+02
1.054873e+02
1.054872e+02
1.054871e+02
1.054871e+02
1.054870e+02
1.054869e+02
1.054869e+02
1.054868e+02
1.054867e+02
1.054867e+02
1.054866e+02
1.054865e+02
1.054865e+02
1.054864e+02
1.054863e+02
1.054862e+02
1.054862e+02
1.054861e+02
1.054860e+02
1.054859e+02
1.054859e+02
1.054858e+02
1.054857e+02
1.054856e+02
1.054856e+02
1.054855e+02
1.054854e+02
1.054853e+02
1.054852e+02
1.054851e+02
1.054851e+02
1.054850e+02
1.054849e+02
1.054848e+02
1.054847e+02
1.054846e+02
1.054845e+02
1.054845e+02
1.054844e+02
1.054843e+02
1.054842e+02
1.054841e+02
1.054840e+02
1.054839e+02
1.054838e+02
1.054837e+02
1.054836e+02
1.054835e+02
1.054834e+02
1.054833e+02
1.054832e+02
1.054831e+02
1.054830e+02
1.054829e+02
1.054828e+02
1.054827e+02
1.054826e+02
1.054825e+02
1.054824e+02
1.054823e+02
1.054822e+02
1.054821e+02
1.054820e+02
1.054819e+02
1.054818e+02
1.054816e+02
1.054815e+02
1.054814e+02
1.054813e+02
1.054812e+02
1.054811e+02
1.054809e+02
1.054808e+02
1.054807e+02
1.054806e+02
1.054805e+02
1.054803e+02
1.054802e+02
1.054801e+02
1.054800e+02
1.054798e+02
1.054797e+02
1.054796e+02
1.054794e+02
1.054793e+02
1.054792e+02
1.054790e+02
1.054789e+02
1.054788e+02
1.054786e+02
1.054785e+02
1.054783e+02
1.054782e+02
1.054780e+02
1.054779e+02
1.054778e+02
1.054776e+02
1.054775e+02
1.054773e+02
1.054772e+02
1.054770e+02
1.054768e+02
1.054767e+02
1.054765e+02
1.054764e+02
1.054762e+02
1.054760e+02
1.054759e+02
1.054757e+02
1.054756e+02
1.054754e+02
1.054752e+02
1.054750e+02
1.054749e+02
1.054747e+02
1.054745e+02
1.054743e+02
1.054742e+02
1.054740e+02
1.054738e+02
1.054736e+02
1.054734e+02
1.054732e+02
1.054731e+02
1.054729e+02
1.054727e+02
1.054725e+02
1.054723e+02
1.054721e+02
1.054719e+02
1.054717e+02
1.054715e+02
1.054713e+02
1.054711e+02
1.054709e+02
1.054706e+02
1.054704e+02
1.054702e+02
1.054700e+02
1.054698e+02
1.054696e+02
1.054693e+02
1.054691e+02
1.054689e+02
1.054687e+02
1.054684e+02
1.054682e+02
1.054680e+02
1.054677e+02
1.054675e+02
1.054673e+02
1.054670e+02
1.054668e+02
1.054665e+02
1.054663e+02
1.054660e+02
1.054658e+02
1.054655e+02
1.054652e+02
1.054650e+02
1.054647e+02
1.054645e+02
1.054642e+02
1.054639e+02
1.054636e+02
1.054634e+02
1.054631e+02
1.054628e+02
1.054625e+02
1.054622e+02
1.054619e+02
1.054616e+02
1.054614e+02
1.054611e+02
1.054608e+02
1.054605e+02
1.054602e+02
1.054598e+02
1.054595e+02
1.054592e+02
1.054589e+02
1.054586e+02
1.054583e+02
1.054579e+02
1.054576e+02
1.054573e+02
1.054569e+02
1.054566e+02
1.054563e+02
1.054559e+02
1.054556e+02
1.054552e+02
1.054549e+02
1.054545e+02
1.054542e+02
1.054538e+02
1.054534e+02
1.054531e+02
1.054527e+02
1.054523e+02
1.054519e+02
1.054515e+02
1.054512e+02
1.054508e+02
1.054504e+02
1.054500e+02
1.054496e+02
1.054492e+02
1.054488e+02
1.054484e+02
1.054479e+02
1.054475e+02
1.054471e+02
1.054467e+02
1.054462e+02
1.054458e+02
1.054454e+02
1.054449e+02
1.054445e+02
1.054440e+02
1.054436e+02
1.054431e+02
1.054426e+02
1.054422e+02
1.054417e+02
1.054412e+02
1.054407e+02
1.054403e+02
1.054398e+02
1.054393e+02
1.054388e+02
1.054383e+02
1.054378e+02
1.054373e+02
1.054367e+02
1.054362e+02
1.054357e+02
1.054352e+02
1.054346e+02
1.054341e+02
1.054335e+02
1.054330e+02
1.054324e+02
1.054319e+02
1.054313e+02
1.054308e+02
1.054302e+02
1.054296e+02
1.054290e+02
1.054284e+02
1.054278e+02
1.054272e+02
1.054266e+02
1.054260e+02
1.054254e+02
1.054248e+02
1.054241e+02
1.054235e+02
1.054229e+02
1.054222e+02
1.054216e+02
1.054209e+02
1.054203e+02
1.054196e+02
1.054189e+02
1.054182e+02
1.054175e+02
1.054169e+02
1.054162e+02
1.054155e+02
1.054147e+02
1.054140e+02
1.054133e+02
1.054126e+02
1.054118e+02
1.054111e+02
1.054104e+02
1.054096e+02
1.054088e+02
1.054081e+02
1.054073e+02
1.054065e+02
1.054057e+02
1.054049e+02
1.054041e+02
1.054033e+02
1.054025e+02
1.054017e+02
1.054009e+02
1.054000e+02
1.053992e+02
1.053983e+02
1.053975e+02
1.053966e+02
1.053957e+02
1.053949e+02
1.053940e+02
1.053931e+02
1.053922e+02
1.053913e+02
1.053903e+02
1.053894e+02
1.053885e+02
1.053875e+02
1.053866e+02
1.053856e+02
1.053847e+02
1.053837e+02
1.053827e+02
1.053817e+02
1.053807e+02
1.053797e+02
1.053787e+02
1.053777e+02
1.053767e+02
1.053756e+02
1.053746e+02
1.053735e+02
1.053725e+02
1.053714e+02
1.053703e+02
1.053692e+02
1.053681e+02
1.053670e+02
1.053659e+02
1.053648e+02
1.053637e+02
1.053625e+02
1.053614e+02
1.053602e+02
1.053590e+02
1.053579e+02
1.053567e+02
1.053555e+02
1.053543e+02
1.053531e+02
1.053518e+02
1.053506e+02
1.053494e+02
1.053481e+02
1.053468e+02
1.053456e+02
1.053443e+02
1.053430e+02
1.053417e+02
1.053404e+02
1.053391e+02
1.053378e+02
1.053364e+02
1.053351e+02
1.053337e+02
1.053323e+02
1.053310e+02
1.053296e+02
1.053282e+02
1.053268e+02
1.053253e+02
1.053239e+02
1.053225e+02
1.053210e+02
1.053196e+02
1.053181e+02
1.053166e+02
1.053151e+02
1.053136e+02
1.053121e+02
1.053106e+02
1.053091e+02
1.053075e+02
1.053060e+02
1.053044e+02
1.053028e+02
1.053013e+02
1.052997e+02
1.052981e+02
1.052964e+02
1.052948e+02
1.052932e+02
1.052915e+02
1.052899e+02
1.052882e+02
1.052865e+02
1.052848e+02
1.052831e+02
1.052814e+02
1.052797e+02
1.052780e+02
1.052762e+02
1.052745e+02
1.052727e+02
1.052709e+02
1.052692e+02
1.052674e+02
1.052656e+02
1.052637e+02
1.052619e+02
1.052601e+02
1.052582e+02
1.052564e+02
1.052545e+02
1.052526e+02
1.052507e+02
1.052488e+02
1.052469e+02
1.052450e+02
1.052431e+02
1.052411e+02
1.052392e+02
1.052372e+02
1.052352e+02
1.052332e+02
1.052312e+02
1.052292e+02
1.052272e+02
1.052252e+02
1.052232e+02
1.052211e+02
1.052191e+02
1.052170e+02
1.052149e+02
1.052128e+02
1.052107e+02
1.052086e+02
1.052065e+02
1.052044e+02
1.052022e+02
1.052001e+02
1.051979e+02
1.051958e+02
1.051936e+02
1.051914e+02
1.051892e+02
1.051870e+02
1.051848e+02
1.051826e+02
1.051804e+02
1.051781e+02
1.051759e+02
1.051736e+02
1.051714e+02
1.051691e+02
1.051668e+02
1.051645e+02
1.051622e+02
1.051599e+02
1.051576e+02
1.051553e+02
1.051529e+02
1.051506e+02
1.051483e+02
1.051459e+02
1.051435e+02
1.051412e+02
1.051388e+02
1.051364e+02
1.051340e+02
1.051316e+02
1.051292e+02
1.051268e+02
1.051244e+02
1.051220e+02
1.051195e+02
1.051171e+02
1.051146e+02
1.051122e+02
1.051097e+02
1.051073e+02
1.051048e+02
1.051023e+02
1.050998e+02
1.050973e+02
1.050948e+02
1.050923e+02
1.050898e+02
1.050873e+02
1.050848e+02
1.050823e+02
1.050798e+02
1.050772e+02
1.050747e+02
1.050722e+02
1.050696e+02
1.050671e+02
1.050645e+02
1.050620e+02
1.050594e+02
1.050569e+02
1.050543e+02
1.050517e+02
1.050492e+02
1.050466e+02
1.050440e+02
1.050415e+02
1.050389e+02
1.050363e+02
1.050337e+02
1.050311e+02
1.050285e+02
1.050259e+02
1.050234e+02
1.050208e+02
1.050182e+02
1.050156e+02
1.050130e+02
1.050104e+02
1.050078e+02
1.050052e+02
1.050026e+02
1.050000e+02
1.049974e+02
1.049948e+02
1.049922e+02
1.049896e+02
1.049870e+02
1.049844e+02
1.049818e+02
1.049792e+02
1.049766e+02
1.049741e+02
1.049715e+02
1.049689e+02
1.049663e+02
1.049637e+02
1.049611e+02
1.049585e+02
1.049560e+02
1.049534e+02
1.049508e+02
1.049483e+02
1.049457e+02
1.049431e+02
1.049406e+02
1.049380e+02
1.049355e+02
1.049329e+02
1.049304e+02
1.049278e+02
1.049253e+02
1.049228e+02
1.049202e+02
1.049177e+02
1.049152e+02
1.049127e+02
1.049102e+02
1.049077e+02
1.049052e+02
1.049027e+02
1.049002e+02
1.048977e+02
1.048952e+02
1.048927e+02
1.048903e+02
1.048878e+02
1.048854e+02
1.048829e+02
1.048805e+02
1.048780e+02
1.048756e+02
1.048732e+02
1.048708e+02
1.048684e+02
1.048660e+02
1.048636e+02
1.048612e+02
1.048588e+02
1.048565e+02
1.048541e+02
1.048517e+02
1.048494e+02
1.048471e+02
1.048447e+02
1.048424e+02
1.048401e+02
1.048378e+02
1.048355e+02
1.048332e+02
1.048309e+02
1.048286e+02
1.048264e+02
1.048241e+02
1.048219e+02
1.048196e+02
1.048174e+02
1.048152e+02
1.048130e+02
1.048108e+02
1.048086e+02
1.048064e+02
1.048042e+02
1.048021e+02
1.047999e+02
1.047978e+02
1.047956e+02
1.047935e+02
1.047914e+02
1.047893e+02
1.047872e+02
1.047851e+02
1.047830e+02
1.047809e+02
1.047789e+02
1.047768e+02
1.047748e+02
1.047728e+02
1.047708e+02
1.047688e+02
1.047668e+02
1.047648e+02
1.047628e+02
1.047608e+02
1.047589e+02
1.047569e+02
1.047550e+02
1.047531e+02
1.047512e+02
1.047493e+02
1.047474e+02
1.047455e+02
1.047436e+02
1.047418e+02
1.047399e+02
1.047381e+02
1.047363e+02
1.047344e+02
1.047326e+02
1.047308e+02
1.047291e+02
1.047273e+02
1.047255e+02
1.047238e+02
1.047220e+02
1.047203e+02
1.047186e+02
1.047169e+02
1.047152e+02
1.047135e+02
1.047118e+02
1.047101e+02
1.047085e+02
1.047068e+02
1.047052e+02
1.047036e+02
1.047019e+02
1.047003e+02
1.046987e+02
1.046972e+02
1.046956e+02
1.046940e+02
1.046925e+02
1.046909e+02
1.046894e+02
1.046879e+02
1.046864e+02
1.046849e+02
1.046834e+02
1.046819e+02
1.046804e+02
1.046790e+02
1.046775e+02
1.046761e+02
1.046747e+02
1.046732e+02
1.046718e+02
1.046704e+02
1.046690e+02
1.046677e+02
1.046663e+02
1.046649e+02
1.046636e+02
1.046622e+02
1.046609e+02
1.046596e+02
1.046583e+02
1.046570e+02
1.046557e+02
1.046544e+02
1.046532e+02
1.046519e+02
1.046506e+02
1.046494e+02
1.046482e+02
1.046469e+02
1.046457e+02
1.046445e+02
1.046433e+02
1.046421e+02
1.046410e+02
1.046398e+02
1.046386e+02
1.046375e+02
1.046363e+02
1.046352e+02
1.046341e+02
1.046330e+02
1.046319e+02
1.046308e+02
1.046297e+02
1.046286e+02
1.046275e+02
1.046265e+02
1.046254e+02
1.046244e+02
1.046233e+02
1.046223e+02
1.046213e+02
1.046203e+02
1.046193e+02
1.046183e+02
1.046173e+02
1.046163e+02
1.046153e+02
1.046144e+02
1.046134e+02
1.046125e+02
1.046115e+02
1.046106e+02
1.046097e+02
1.046087e+02
1.046078e+02
1.046069e+02
1.046060e+02
1.046051e+02
1.046043e+02
1.046034e+02
1.046025e+02
1.046017e+02
1.046008e+02
1.046000e+02
1.045991e+02
1.045983e+02
1.045975e+02
1.045967e+02
1.045959e+02
1.045951e+02
1.045943e+02
1.045935e+02
1.045927e+02
1.045919e+02
1.045912e+02
1.045904e+02
1.045896e+02
1.045889e+02
1.045882e+02
1.045874e+02
1.045867e+02
1.045860e+02
1.045853e+02
1.045845e+02
1.045838e+02
1.045831e+02
1.045825e+02
1.045818e+02
1.045811e+02
1.045804e+02
1.045797e+02
1.045791e+02
1.045784e+02
1.045778e+02
1.045771e+02
1.045765e+02
1.045759e+02
1.045752e+02
1.045746e+02
1.045740e+02
1.045734e+02
1.045728e+02
1.045722e+02
1.045716e+02
1.045710e+02
1.045704e+02
1.045698e+02
1.045692e+02
1.045687e+02
1.045681e+02
1.045676e+02
1.045670e+02
1.045665e+02
1.045659e+02
1.045654e+02
1.045648e+02
1.045643e+02
1.045638e+02
1.045633e+02
1.045627e+02
1.045622e+02
1.045617e+02
1.045612e+02
1.045607e+02
1.045602e+02
1.045597e+02
1.045593e+02
1.045588e+02
1.045583e+02
1.045578e+02
1.045574e+02
1.045569e+02
1.045564e+02
1.045560e+02
1.045555e+02
1.045551e+02
1.045546e+02
1.045542e+02
1.045538e+02
1.045533e+02
1.045529e+02
1.045525e+02
1.045521e+02
1.045516e+02
1.045512e+02
1.045508e+02
1.045504e+02
1.045500e+02
1.045496e+02
1.045492e+02
1.045488e+02
1.045485e+02
1.045481e+02
1.045477e+02
1.045473e+02
1.045469e+02
1.045466e+02
1.045462e+02
1.045458e+02
1.045455e+02
1.045451e+02
1.045448e+02
1.045444e+02
1.045441e+02
1.045437e+02
1.045434e+02
1.045431e+02
1.045427e+02
1.045424e+02
1.045421e+02
1.045417e+02
1.045414e+02
1.045411e+02
1.045408e+02
1.045405e+02
1.045402e+02
1.045398e+02
1.045395e+02
1.045392e+02
1.045389e+02
1.045386e+02
1.045384e+02
1.045381e+02
1.045378e+02
1.045375e+02
1.045372e+02
1.045369e+02
1.045366e+02
1.045364e+02
1.045361e+02
1.045358e+02
1.045355e+02
1.045353e+02
1.045350e+02
1.045348e+02
1.045345e+02
1.045342e+02
1.045340e+02
1.045337e+02
1.045335e+02
1.045332e+02
1.045330e+02
1.045327e+02
1.045325e+02
1.045323e+02
1.045320e+02
1.045318e+02
1.045316e+02
1.045313e+02
1.045311e+02
1.045309e+02
1.045307e+02
1.045304e+02
1.045302e+02
1.045300e+02
1.045298e+02
1.045296e+02
1.045294e+02
1.045291e+02
1.045289e+02
1.045287e+02
1.045285e+02
1.045283e+02
1.045281e+02
1.045279e+02
1.045277e+02
1.045275e+02
1.045273e+02
1.045271e+02
1.045269e+02
1.045268e+02
1.045266e+02
1.045264e+02
1.045262e+02
1.045260e+02
1.045258e+02
1.045257e+02
1.045255e+02
1.045253e+02
1.045251e+02
1.045250e+02
1.045248e+02
1.045246e+02
1.045244e+02
1.045243e+02
1.045241e+02
1.045240e+02
1.045238e+02
1.045236e+02
1.045235e+02
1.045233e+02
1.045232e+02
1.045230e+02
1.045228e+02
1.045227e+02
1.045225e+02
1.045224e+02
1.045222e+02
1.045221e+02
1.045220e+02
1.045218e+02
1.045217e+02
1.045215e+02
1.045214e+02
1.045212e+02
1.045211e+02
1.045210e+02
1.045208e+02
1.045207e+02
1.045206e+02
1.045204e+02
1.045203e+02
1.045202e+02
1.045200e+02
1.045199e+02
1.045198e+02
1.045197e+02
1.045195e+02
1.045194e+02
1.045193e+02
1.045192e+02
1.045191e+02
1.045189e+02
1.045188e+02
1.045187e+02
1.045186e+02
1.045185e+02
1.045184e+02
1.045182e+02
1.045181e+02
1.045180e+02
1.045179e+02
1.045178e+02
1.045177e+02
1.045176e+02
1.045175e+02
1.045174e+02
1.045173e+02
1.045172e+02
1.045171e+02
1.045170e+02
1.045169e+02
1.045168e+02
1.045167e+02
1.045166e+02
1.045165e+02
1.045164e+02
1.045163e+02
1.045162e+02
1.045161e+02
1.045160e+02
1.045159e+02
1.045158e+02
1.045157e+02
1.045156e+02
1.045155e+02
1.045155e+02
1.045154e+02
1.045153e+02
1.045152e+02
1.045151e+02
1.045150e+02
1.045149e+02
1.045149e+02
1.045148e+02
1.045147e+02
1.045146e+02
1.045145e+02
1.045144e+02
1.045144e+02
1.045143e+02
1.045142e+02
1.045141e+02
1.045141e+02
1.045140e+02
1.045139e+02
1.045138e+02
1.045138e+02
1.045137e+02
1.045136e+02
1.045135e+02
1.045135e+02
1.045134e+02
1.045133e+02
1.045133e+02
1.045132e+02
1.045131e+02
1.045131e+02
1.045130e+02
1.045129e+02
1.045129e+02
1.045128e+02
1.045127e+02
1.045127e+02
1.045126e+02
1.045125e+02
1.045125e+02
1.045124e+02
1.045124e+02
1.045123e+02
1.045122e+02
1.045122e+02
1.045121e+02
1.045121e+02
1.045120e+02
1.045119e+02
1.045119e+02
1.045118e+02
1.045118e+02
1.045117e+02
1.045117e+02
1.045116e+02
1.045116e+02
1.045115e+02
1.045114e+02
1.045114e+02
1.045113e+02
1.045113e+02
1.045112e+02
1.045112e+02
1.045111e+02
1.045111e+02
1.045110e+02
1.045110e+02
1.045109e+02
1.045109e+02
1.045108e+02
1.045108e+02
1.045107e+02
1.045107e+02
1.045106e+02
1.045106e+02
1.045106e+02
1.045105e+02
1.045105e+02
1.045104e+02
1.045104e+02
1.045103e+02
1.045103e+02
1.045102e+02
1.045102e+02
1.045102e+02
1.045101e+02
1.045101e+02
1.045100e+02
1.045100e+02
1.045100e+02
1.045099e+02
1.045099e+02
1.045098e+02
1.045098e+02
1.045098e+02
1.045097e+02
1.045097e+02
1.045096e+02
1.045096e+02
1.045096e+02
1.045095e+02
1.045095e+02
1.045095e+02
1.045094e+02
1.045094e+02
1.045094e+02
1.045093e+02
1.045093e+02
1.045093e+02
1.045092e+02
1.045092e+02
1.045092e+02
1.045091e+02
1.045091e+02
1.045091e+02
1.045090e+02
1.045090e+02
1.045090e+02
1.045089e+02
1.045089e+02
1.045089e+02
1.045088e+02
1.045088e+02
1.045088e+02
1.045088e+02
1.045087e+02
1.045087e+02
1.045087e+02
1.045086e+02
1.045086e+02
1.045086e+02
1.045086e+02
1.045085e+02
1.045085e+02
1.045085e+02
1.045084e+02
1.045084e+02
1.045084e+02
1.045084e+02
1.045083e+02
1.045083e+02
1.045083e+02
1.045083e+02
1.045082e+02
1.045082e+02
1.045082e+02
1.045082e+02
1.045081e+02
1.045081e+02
1.045081e+02
1.045081e+02
1.045081e+02
1.045080e+02
1.045080e+02
1.045080e+02
1.045080e+02
1.045079e+02
1.045079e+02
1.045079e+02
1.045079e+02
1.045079e+02
1.045078e+02
1.045078e+02
1.045078e+02
1.045078e+02
1.045078e+02
1.045077e+02
1.045077e+02
1.045077e+02
1.045077e+02
1.045077e+02
1.045077e+02
1.045076e+02
1.045076e+02
1.045076e+02
1.045076e+02
1.045076e+02
1.045075e+02
1.045075e+02
1.045075e+02
1.045075e+02
1.045075e+02
1.045075e+02
1.045074e+02
1.045074e+02
1.045074e+02
1.045074e+02
1.045074e+02
1.045074e+02
1.045074e+02
1.045073e+02
1.045073e+02
1.045073e+02
1.045073e+02
1.045073e+02
1.045073e+02
1.045073e+02
1.045072e+02
1.045072e+02
1.045072e+02
1.045072e+02
1.045072e+02
1.045072e+02
1.045072e+02
1.045072e+02
1.045071e+02
1.045071e+02
1.045071e+02
1.045071e+02
1.045071e+02
1.045071e+02
1.045071e+02
1.045071e+02
1.045071e+02
1.045070e+02
1.045070e+02
1.045070e+02
1.045070e+02
1.045070e+02
1.045070e+02
1.045070e+02
1.045070e+02
1.045070e+02
1.045070e+02
1.045069e+02
1.045069e+02
1.045069e+02
1.045069e+02
1.045069e+02
1.045069e+02
1.045069e+02
1.045069e+02
1.045069e+02
1.045069e+02
1.045069e+02
1.045069e+02
1.045069e+02
1.045068e+02
1.045068e+02
1.045068e+02
1.045068e+02
1.045068e+02
1.045068e+02
1.045068e+02
1.045068e+02
1.045068e+02
1.045068e+02
1.045068e+02
1.045068e+02
1.045068e+02
1.045068e+02
1.045068e+02
1.045068e+02
1.045068e+02
1.045068e+02
1.045067e+02
1.045067e+02
1.045067e+02
1.045067e+02
1.045067e+02
1.045067e+02
1.045067e+02
1.045067e+02
1.045067e+02
1.045067e+02
1.045067e+02
1.045067e+02
1.045067e+02
1.045067e+02
1.045067e+02
1.045067e+02
1.045067e+02
1.045067e+02
1.045067e+02
1.045067e+02
1.045067e+02
1.045067e+02
1.045067e+02
1.045067e+02
1.045067e+02
1.045067e+02
1.045067e+02
1.045067e+02
1.045067e+02
1.045067e+02
1.045067e+02
1.045067e+02
1.045067e+02
1.045067e+02
1.045067e+02
1.045067e+02
1.045067e+02
1.045067e+02
1.045067e+02
1.045067e+02
1.045067e+02
1.045067e+02
1.045067e+02
1.045067e+02
1.045067e+02
1.045067e+02
1.045067e+02
1.045067e+02
1.045067e+02
1.045067e+02
1.045067e+02
1.045067e+02
1.045067e+02
1.045067e+02
1.045067e+02
1.045067e+02
1.045067e+02
1.045068e+02
1.045068e+02
1.045068e+02
1.045068e+02
1.045068e+02
1.045068e+02
1.045068e+02
1.045068e+02
1.045068e+02
1.045068e+02
1.045068e+02
1.045068e+02
1.045068e+02
1.045068e+02
1.045068e+02
1.045068e+02
1.045068e+02
1.045068e+02
1.045069e+02
1.045069e+02
1.045069e+02
1.045069e+02
1.045069e+02
1.045069e+02
1.045069e+02
1.045069e+02
1.045069e+02
1.045069e+02
1.045069e+02
1.045069e+02
1.045069e+02
1.045070e+02
1.045070e+02
1.045070e+02
1.045070e+02
1.045070e+02
1.045070e+02
1.045070e+02
1.045070e+02
1.045070e+02
1.045070e+02
1.045071e+02
1.045071e+02
1.045071e+02
1.045071e+02
1.045071e+02
1.045071e+02
1.045071e+02
1.045071e+02
1.045071e+02
1.045072e+02
1.045072e+02
1.045072e+02
1.045072e+02
1.045072e+02
1.045072e+02
1.045072e+02
1.045072e+02
1.045073e+02
1.045073e+02
1.045073e+02
1.045073e+02
1.045073e+02
1.045073e+02
1.045073e+02
1.045074e+02
1.045074e+02
1.045074e+02
1.045074e+02
1.045074e+02
1.045074e+02
1.045074e+02
1.045075e+02
1.045075e+02
1.045075e+02
1.045075e+02
1.045075e+02
1.045075e+02
1.045076e+02
1.045076e+02
1.045076e+02
1.045076e+02
1.045076e+02
1.045077e+02
1.045077e+02
1.045077e+02
1.045077e+02
1.045077e+02
1.045077e+02
1.045078e+02
1.045078e+02
1.045078e+02
1.045078e+02
1.045078e+02
1.045079e+02
1.045079e+02
1.045079e+02
1.045079e+02
1.045079e+02
1.045080e+02
1.045080e+02
1.045080e+02
1.045080e+02
1.045081e+02
1.045081e+02
1.045081e+02
1.045081e+02
1.045081e+02
1.045082e+02
1.045082e+02
1.045082e+02
1.045082e+02
1.045083e+02
1.045083e+02
1.045083e+02
1.045083e+02
1.045084e+02
1.045084e+02
1.045084e+02
1.045084e+02
1.045085e+02
1.045085e+02
1.045085e+02
1.045086e+02
1.045086e+02
1.045086e+02
1.045086e+02
1.045087e+02
1.045087e+02
1.045087e+02
1.045088e+02
1.045088e+02
1.045088e+02
1.045088e+02
1.045089e+02
1.045089e+02
1.045089e+02
1.045090e+02
1.045090e+02
1.045090e+02
1.045091e+02
1.045091e+02
1.045091e+02
1.045092e+02
1.045092e+02
1.045092e+02
1.045093e+02
1.045093e+02
1.045093e+02
1.045094e+02
1.045094e+02
1.045094e+02
1.045095e+02
1.045095e+02
1.045095e+02
1.045096e+02
1.045096e+02
1.045096e+02
1.045097e+02
1.045097e+02
1.045098e+02
1.045098e+02
1.045098e+02
1.045099e+02
1.045099e+02
1.045100e+02
1.045100e+02
1.045100e+02
1.045101e+02
1.045101e+02
1.045102e+02
1.045102e+02
1.045102e+02
1.045103e+02
1.045103e+02
1.045104e+02
1.045104e+02
1.045105e+02
1.045105e+02
1.045106e+02
1.045106e+02
1.045106e+02
1.045107e+02
1.045107e+02
1.045108e+02
1.045108e+02
1.045109e+02
1.045109e+02
1.045110e+02
1.045110e+02
1.045111e+02
1.045111e+02
1.045112e+02
1.045112e+02
1.045113e+02
1.045113e+02
1.045114e+02
1.045114e+02
1.045115e+02
1.045116e+02
1.045116e+02
1.045117e+02
1.045117e+02
1.045118e+02
1.045118e+02
1.045119e+02
1.045119e+02
1.045120e+02
1.045121e+02
1.045121e+02
1.045122e+02
1.045122e+02
1.045123e+02
1.045124e+02
1.045124e+02
1.045125e+02
1.045125e+02
1.045126e+02
1.045127e+02
1.045127e+02
1.045128e+02
1.045129e+02
1.045129e+02
1.045130e+02
1.045131e+02
1.045131e+02
1.045132e+02
1.045133e+02
1.045133e+02
1.045134e+02
1.045135e+02
1.045135e+02
1.045136e+02
1.045137e+02
1.045138e+02
1.045138e+02
1.045139e+02
1.045140e+02
1.045141e+02
1.045141e+02
1.045142e+02
1.045143e+02
1.045144e+02
1.045144e+02
1.045145e+02
1.045146e+02
1.045147e+02
1.045148e+02
1.045149e+02
1.045149e+02
1.045150e+02
1.045151e+02
1.045152e+02
1.045153e+02
1.045154e+02
1.045155e+02
1.045155e+02
1.045156e+02
1.045157e+02
1.045158e+02
1.045159e+02
1.045160e+02
1.045161e+02
1.045162e+02
1.045163e+02
1.045164e+02
1.045165e+02
1.045166e+02
1.045167e+02
1.045168e+02
1.045169e+02
1.045170e+02
1.045171e+02
1.045172e+02
1.045173e+02
1.045174e+02
1.045175e+02
1.045176e+02
1.045177e+02
1.045178e+02
1.045179e+02
1.045180e+02
1.045181e+02
1.045182e+02
1.045184e+02
1.045185e+02
1.045186e+02
1.045187e+02
1.045188e+02
1.045189e+02
1.045191e+02
1.045192e+02
1.045193e+02
1.045194e+02
1.045195e+02
1.045197e+02
1.045198e+02
1.045199e+02
1.045200e+02
1.045202e+02
1.045203e+02
1.045204e+02
1.045206e+02
1.045207e+02
1.045208e+02
1.045210e+02
1.045211e+02
1.045212e+02
1.045214e+02
1.045215e+02
1.045217e+02
1.045218e+02
1.045220e+02
1.045221e+02
1.045222e+02
1.045224e+02
1.045225e+02
1.045227e+02
1.045228e+02
1.045230e+02
1.045232e+02
1.045233e+02
1.045235e+02
1.045236e+02
1.045238e+02
1.045240e+02
1.045241e+02
1.045243e+02
1.045244e+02
1.045246e+02
1.045248e+02
1.045250e+02
1.045251e+02
1.045253e+02
1.045255e+02
1.045257e+02
1.045258e+02
1.045260e+02
1.045262e+02
1.045264e+02
1.045266e+02
1.045268e+02
1.045269e+02
1.045271e+02
1.045273e+02
1.045275e+02
1.045277e+02
1.045279e+02
1.045281e+02
1.045283e+02
1.045285e+02
1.045287e+02
1.045289e+02
1.045291e+02
1.045294e+02
1.045296e+02
1.045298e+02
1.045300e+02
1.045302e+02
1.045304e+02
1.045307e+02
1.045309e+02
1.045311e+02
1.045313e+02
1.045316e+02
1.045318e+02
1.045320e+02
1.045323e+02
1.045325e+02
1.045327e+02
1.045330e+02
1.045332e+02
1.045335e+02
1.045337e+02
1.045340e+02
1.045342e+02
1.045345e+02
1.045348e+02
1.045350e+02
1.045353e+02
1.045355e+02
1.045358e+02
1.045361e+02
1.045364e+02
1.045366e+02
1.045369e+02
1.045372e+02
1.045375e+02
1.045378e+02
1.045381e+02
1.045384e+02
1.045386e+02
1.045389e+02
1.045392e+02
1.045395e+02
1.045398e+02
1.045402e+02
1.045405e+02
1.045408e+02
1.045411e+02
1.045414e+02
1.045417e+02
1.045421e+02
1.045424e+02
1.045427e+02
1.045431e+02
1.045434e+02
1.045437e+02
1.045441e+02
1.045444e+02
1.045448e+02
1.045451e+02
1.045455e+02
1.045458e+02
1.045462e+02
1.045466e+02
1.045469e+02
1.045473e+02
1.045477e+02
1.045481e+02
1.045485e+02
1.045488e+02
1.045492e+02
1.045496e+02
1.045500e+02
1.045504e+02
1.045508e+02
1.045512e+02
1.045516e+02
1.045521e+02
1.045525e+02
1.045529e+02
1.045533e+02
1.045538e+02
1.045542e+02
1.045546e+02
1.045551e+02
1.045555e+02
1.045560e+02
1.045564e+02
1.045569e+02
1.045574e+02
1.045578e+02
1.045583e+02
1.045588e+02
1.045593e+02
1.045597e+02
1.045602e+02
1.045607e+02
1.045612e+02
1.045617e+02
1.045622e+02
1.045627e+02
1.045633e+02
1.045638e+02
1.045643e+02
1.045648e+02
1.045654e+02
1.045659e+02
1.045665e+02
1.045670e+02
1.045676e+02
1.045681e+02
1.045687e+02
1.045692e+02
1.045698e+02
1.045704e+02
1.045710e+02
1.045716e+02
1.045722e+02
1.045728e+02
1.045734e+02
1.045740e+02
1.045746e+02
1.045752e+02
1.045759e+02
1.045765e+02
1.045771e+02
1.045778e+02
1.045784e+02
1.045791e+02
1.045797e+02
1.045804e+02
1.045811e+02
1.045818e+02
1.045825e+02
1.045831e+02
1.045838e+02
1.045845e+02
1.045853e+02
1.045860e+02
1.045867e+02
1.045874e+02
1.045882e+02
1.045889e+02
1.045896e+02
1.045904e+02
1.045912e+02
1.045919e+02
1.045927e+02
1.045935e+02
1.045943e+02
1.045951e+02
1.045959e+02
1.045967e+02
1.045975e+02
1.045983e+02
1.045991e+02
1.046000e+02
1.046008e+02
1.046017e+02
1.046025e+02
1.046034e+02
1.046043e+02
1.046051e+02
1.046060e+02
1.046069e+02
1.046078e+02
1.046087e+02
1.046097e+02
1.046106e+02
1.046115e+02
1.046125e+02
1.046134e+02
1.046144e+02
1.046153e+02
1.046163e+02
1.046173e+02
1.046183e+02
1.046193e+02
1.046203e+02
1.046213e+02
1.046223e+02
1.046233e+02
1.046244e+02
1.046254e+02
1.046265e+02
1.046275e+02
1.046286e+02
1.046297e+02
1.046308e+02
1.046319e+02
1.046330e+02
1.046341e+02
1.046352e+02
1.046363e+02
1.046375e+02
1.046386e+02
1.046398e+02
1.046410e+02
1.046421e+02
1.046433e+02
1.046445e+02
1.046457e+02
1.046469e+02
1.046482e+02
1.046494e+02
1.046506e+02
1.046519e+02
1.046532e+02
1.046544e+02
1.046557e+02
1.046570e+02
1.046583e+02
1.046596e+02
1.046609e+02
1.046622e+02
1.046636e+02
1.046649e+02
1.046663e+02
1.046677e+02
1.046690e+02
1.046704e+02
1.046718e+02
1.046732e+02
1.046747e+02
1.046761e+02
1.046775e+02
1.046790e+02
1.046804e+02
1.046819e+02
1.046834e+02
1.046849e+02
1.046864e+02
1.046879e+02
1.046894e+02
1.046909e+02
1.046925e+02
1.046940e+02
1.046956e+02
1.046972e+02
1.046987e+02
1.047003e+02
1.047019e+02
1.047036e+02
1.047052e+02
1.047068e+02
1.047085e+02
1.047101e+02
1.047118e+02
1.047135e+02
1.047152e+02
1.047169e+02
1.047186e+02
1.047203e+02
1.047220e+02
1.047238e+02
1.047255e+02
1.047273e+02
1.047291e+02
1.047308e+02
1.047326e+02
1.047344e+02
1.047363e+02
1.047381e+02
1.047399e+02
1.047418e+02
1.047436e+02
1.047455e+02
1.047474e+02
1.047493e+02
1.047512e+02
1.047531e+02
1.047550e+02
1.047569e+02
1.047589e+02
1.047608e+02
1.047628e+02
1.047648e+02
1.047668e+02
1.047688e+02
1.047708e+02
1.047728e+02
1.047748e+02
1.047768e+02
1.047789e+02
1.047809e+02
1.047830e+02
1.047851e+02
1.047872e+02
1.047893e+02
1.047914e+02
1.047935e+02
1.047956e+02
1.047978e+02
1.047999e+02
1.048021e+02
1.048042e+02
1.048064e+02
1.048086e+02
1.048108e+02
1.048130e+02
1.048152e+02
1.048174e+02
1.048196e+02
1.048219e+02
1.048241e+02
1.048264e+02
1.048286e+02
1.048309e+02
1.048332e+02
1.048355e+02
1.048378e+02
1.048401e+02
1.048424e+02
1.048447e+02
1.048471e+02
1.048494e+02
1.048517e+02
1.048541e+02
1.048565e+02
1.048588e+02
1.048612e+02
1.048636e+02
1.048660e+02
1.048684e+02
1.048708e+02
1.048732e+02
1.048756e+02
1.048780e+02
1.048805e+02
1.048829e+02
1.048854e+02
1.048878e+02
1.048903e+02
1.048927e+02
1.048952e+02
1.048977e+02
1.049002e+02
1.049027e+02
1.049052e+02
1.049077e+02
1.049102e+02
1.049127e+02
1.049152e+02
1.049177e+02
1.049202e+02
1.049228e+02
1.049253e+02
1.049278e+02
1.049304e+02
1.049329e+02
1.049355e+02
1.049380e+02
1.049406e+02
1.049431e+02
1.049457e+02
1.049483e+02
1.049508e+02
1.049534e+02
1.049560e+02
1.049585e+02
1.049611e+02
1.049637e+02
1.049663e+02
1.049689e+02
1.049715e+02
1.049741e+02
1.049766e+02
1.049792e+02
1.049818e+02
1.049844e+02
1.049870e+02
1.049896e+02
1.049922e+02
1.049948e+02
1.049974e+02
1.050000e+02
1.050026e+02
1.050052e+02
1.050078e+02
1.050104e+02
1.050130e+02
1.050156e+02
1.050182e+02
1.050208e+02
1.050234e+02
1.050259e+02
1.050285e+02
1.050311e+02
1.050337e+02
1.050363e+02
1.050389e+02
1.050415e+02
1.050440e+02
1.050466e+02
1.050492e+02
1.050517e+02
1.050543e+02
1.050569e+02
1.050594e+02
1.050620e+02
1.050645e+02
1.050671e+02
1.050696e+02
1.050722e+02
1.050747e+02
1.050772e+02
1.050798e+02
1.050823e+02
1.050848e+02
1.050873e+02
1.050898e+02
1.050923e+02
1.050948e+02
1.050973e+02
1.050998e+02
1.051023e+02
1.051048e+02
1.051073e+02
1.051097e+02
1.051122e+02
1.051146e+02
1.051171e+02
1.051195e+02
1.051220e+02
1.051244e+02
1.051268e+02
1.051292e+02
1.051316e+02
1.051340e+02
1.051364e+02
1.051388e+02
1.051412e+02
1.051435e+02
1.051459e+02
1.051483e+02
1.051506e+02
1.051529e+02
1.051553e+02
1.051576e+02
1.051599e+02
1.051622e+02
1.051645e+02
1.051668e+02
1.051691e+02
1.051714e+02
1.051736e+02
1.051759e+02
1.051781e+02
1.051804e+02
1.051826e+02
1.051848e+02
1.051870e+02
1.051892e+02
1.051914e+02
1.051936e+02
1.051958e+02
1.051979e+02
1.052001e+02
1.052022e+02
1.052044e+02
1.052065e+02
1.052086e+02
1.052107e+02
1.052128e+02
1.052149e+02
1.052170e+02
1.052191e+02
1.052211e+02
1.052232e+02
1.052252e+02
1.052272e+02
1.052292e+02
1.052312e+02
1.052332e+02
1.052352e+02
1.052372e+02
1.052392e+02
1.052411e+02
1.052431e+02
1.052450e+02
1.052469e+02
1.052488e+02
1.052507e+02
1.052526e+02
1.052545e+02
1.052564e+02
1.052582e+02
1.052601e+02
1.052619e+02
1.052637e+02
1.052656e+02
1.052674e+02
1.052692e+02
1.052709e+02
1.052727e+02
1.052745e+02
1.052762e+02
1.052780e+02
1.052797e+02
1.052814e+02
1.052831e+02
1.052848e+02
1.052865e+02
1.052882e+02
1.052899e+02
1.052915e+02
1.052932e+02
1.052948e+02
1.052964e+02
1.052981e+02
1.052997e+02
1.053013e+02
1.053028e+02
1.053044e+02
1.053060e+02
1.053075e+02
1.053091e+02
1.053106e+02
1.053121e+02
1.053136e+02
1.053151e+02
1.053166e+02
1.053181e+02
1.053196e+02
1.053210e+02
1.053225e+02
1.053239e+02
1.053253e+02
1.053268e+02
1.053282e+02
1.053296e+02
1.053310e+02
1.053323e+02
1.053337e+02
1.053351e+02
1.053364e+02
1.053378e+02
1.053391e+02
1.053404e+02
1.053417e+02
1.053430e+02
1.053443e+02
1.053456e+02
1.053468e+02
1.053481e+02
1.053494e+02
1.053506e+02
1.053518e+02
1.053531e+02
1.053543e+02
1.053555e+02
1.053567e+02
1.053579e+02
1.053590e+02
1.053602e+02
1.053614e+02
1.053625e+02
1.053637e+02
1.053648e+02
1.053659e+02
1.053670e+02
1.053681e+02
1.053692e+02
1.053703e+02
1.053714e+02
1.053725e+02
1.053735e+02
1.053746e+02
1.053756e+02
1.053767e+02
1.053777e+02
1.053787e+02
1.053797e+02
1.053807e+02
1.053817e+02
1.053827e+02
1.053837e+02
1.053847e+02
1.053856e+02
1.053866e+02
1.053875e+02
1.053885e+02
1.053894e+02
1.053903e+02
1.053913e+02
1.053922e+02
1.053931e+02
1.053940e+02
1.053949e+02
1.053957e+02
1.053966e+02
1.053975e+02
1.053983e+02
1.053992e+02
1.054000e+02
1.054009e+02
1.054017e+02
1.054025e+02
1.054033e+02
1.054041e+02
1.054049e+02
1.054057e+02
1.054065e+02
1.054073e+02
1.054081e+02
1.054088e+02
1.054096e+02
1.054104e+02
1.054111e+02
1.054118e+02
1.054126e+02
1.054133e+02
1.054140e+02
1.054147e+02
1.054155e+02
1.054162e+02
1.054169e+02
1.054175e+02
1.054182e+02
1.054189e+02
1.054196e+02
1.054203e+02
1.054209e+02
1.054216e+02
1.054222e+02
1.054229e+02
1.054235e+02
1.054241e+02
1.054248e+02
1.054254e+02
1.054260e+02
1.054266e+02
1.054272e+02
1.054278e+02
1.054284e+02
1.054290e+02
1.054296e+02
1.054302e+02
1.054308e+02
1.054313e+02
1.054319e+02
1.054324e+02
1.054330e+02
1.054335e+02
1.054341e+02
1.054346e+02
1.054352e+02
1.054357e+02
1.054362e+02
1.054367e+02
1.054373e+02
1.054378e+02
1.054383e+02
1.054388e+02
1.054393e+02
1.054398e+02
1.054403e+02
1.054407e+02
1.054412e+02
1.054417e+02
1.054422e+02
1.054426e+02
1.054431e+02
1.054436e+02
1.054440e+02
1.054445e+02
1.054449e+02
1.054454e+02
1.054458e+02
1.054462e+02
1.054467e+02
1.054471e+02
1.054475e+02
1.054479e+02
1.054484e+02
1.054488e+02
1.054492e+02
1.054496e+02
1.054500e+02
1.054504e+02
1.054508e+02
1.054512e+02
1.054515e+02
1.054519e+02
1.054523e+02
1.054527e+02
1.054531e+02
1.054534e+02
1.054538e+02
1.054542e+02
1.054545e+02
1.054549e+02
1.054552e+02
1.054556e+02
1.054559e+02
1.054563e+02
1.054566e+02
1.054569e+02
1.054573e+02
1.054576e+02
1.054579e+02
1.054583e+02
1.054586e+02
1.054589e+02
1.054592e+02
1.054595e+02
1.054598e+02
1.054602e+02
1.054605e+02
1.054608e+02
1.054611e+02
1.054614e+02
1.054616e+02
1.054619e+02
1.054622e+02
1.054625e+02
1.054628e+02
1.054631e+02
1.054634e+02
1.054636e+02
1.054639e+02
1.054642e+02
1.054645e+02
1.054647e+02
1.054650e+02
1.054652e+02
1.054655e+02
1.054658e+02
1.054660e+02
1.054663e+02
1.054665e+02
1.054668e+02
1.054670e+02
1.054673e+02
1.054675e+02
1.054677e+02
1.054680e+02
1.054682e+02
1.054684e+02
1.054687e+02
1.054689e+02
1.054691e+02
1.054693e+02
1.054696e+02
1.054698e+02
1.054700e+02
1.054702e+02
1.054704e+02
1.054706e+02
1.054709e+02
1.054711e+02
1.054713e+02
1.054715e+02
1.054717e+02
1.054719e+02
1.054721e+02
1.054723e+02
1.054725e+02
1.054727e+02
1.054729e+02
1.054731e+02
1.054732e+02
1.054734e+02
1.054736e+02
1.054738e+02
1.054740e+02
1.054742e+02
1.054743e+02
1.054745e+02
1.054747e+02
1.054749e+02
1.054750e+02
1.054752e+02
1.054754e+02
1.054756e+02
1.054757e+02
1.054759e+02
1.054760e+02
1.054762e+02
1.054764e+02
1.054765e+02
1.054767e+02
1.054768e+02
1.054770e+02
1.054772e+02
1.054773e+02
1.054775e+02
1.054776e+02
1.054778e+02
1.054779e+02
1.054780e+02
1.054782e+02
1.054783e+02
1.054785e+02
1.054786e+02
1.054788e+02
1.054789e+02
1.054790e+02
1.054792e+02
1.054793e+02
1.054794e+02
1.054796e+02
1.054797e+02
1.054798e+02
1.054800e+02
1.054801e+02
1.054802e+02
1.054803e+02
1.054805e+02
1.054806e+02
1.054807e+02
1.054808e+02
1.054809e+02
1.054811e+02
1.054812e+02
1.054813e+02
1.054814e+02
1.054815e+02
1.054816e+02
1.054818e+02
1.054819e+02
1.054820e+02
1.054821e+02
1.054822e+02
1.054823e+02
1.054824e+02
1.054825e+02
1.054826e+02
1.054827e+02
1.054828e+02
1.054829e+02
1.054830e+02
1.054831e+02
1.054832e+02
1.054833e+02
1.054834e+02
1.054835e+02
1.054836e+02
1.054837e+02
1.054838e+02
1.054839e+02
1.054840e+02
1.054841e+02
1.054842e+02
1.054843e+02
1.054844e+02
1.054845e+02
1.054845e+02
1.054846e+02
1.054847e+02
1.054848e+02
1.054849e+02
1.054850e+02
1.054851e+02
1.054851e+02
1.054852e+02
1.054853e+02
1.054854e+02
1.054855e+02
1.054856e+02
1.054856e+02
1.054857e+02
1.054858e+02
1.054859e+02
1.054859e+02
1.054860e+02
1.054861e+02
1.054862e+02
1.054862e+02
1.054863e+02
1.054864e+02
1.054865e+02
1.054865e+02
1.054866e+02
1.054867e+02
1.054867e+02
1.054868e+02
1.054869e+02
1.054869e+02
1.054870e+02
1.054871e+02
1.054871e+02
1.054872e+02
1.054873e+02
1.054873e+02
1.054874e+02
1.054875e+02
1.054875e+02
1.054876e+02
1.054876e+02
1.054877e+02
1.054878e+02
1.054878e+02
1.054879e+02
1.054879e+02
1.054880e+02
1.054881e+02
1.054881e+02
1.054882e+02
1.054882e+02
1.054883e+02
1.054883e+02
1.054884e+02
1.054884e+02
1.054885e+02
1.054886e+02
1.054886e+02
1.054887e+02
1.054887e+02
1.054888e+02
1.054888e+02
1.054889e+02
1.054889e+02
1.054890e+02
1.054890e+02
1.054891e+02
1.054891e+02
1.054892e+02
1.054892e+02
1.054893e+02
1.054893e+02
1.054894e+02
1.054894e+02
1.054894e+02
1.054895e+02
1.054895e+02
1.054896e+02
1.054896e+02
1.054897e+02
1.054897e+02
1.054898e+02
1.054898e+02
1.054898e+02
1.054899e+02
1.054899e+02
1.054900e+02
1.054900e+02
1.054900e+02
1.054901e+02
1.054901e+02
1.054902e+02
1.054902e+02
1.054902e+02
1.054903e+02
1.054903e+02
1.054904e+02
1.054904e+02
1.054904e+02
1.054905e+02
1.054905e+02
1.054905e+02
1.054906e+02
1.054906e+02
1.054906e+02
1.054907e+02
1.054907e+02
1.054907e+02
1.054908e+02
1.054908e+02
1.054908e+02
1.054909e+02
1.054909e+02
1.054909e+02
1.054910e+02
1.054910e+02
1.054910e+02
1.054911e+02
1.054911e+02
1.054911e+02
1.054912e+02
1.054912e+02
1.054912e+02
1.054912e+02
1.054913e+02
1.054913e+02
1.054913e+02
1.054914e+02
1.054914e+02
1.054914e+02
1.054914e+02
1.054915e+02
1.054915e+02
1.054915e+02
1.054916e+02
1.054916e+02
1.054916e+02
1.054916e+02
1.054917e+02
1.054917e+02
1.054917e+02
1.054917e+02
1.054918e+02
1.054918e+02
1.054918e+02
1.054918e+02
1.054919e+02
1.054919e+02
1.054919e+02
1.054919e+02
1.054919e+02
1.054920e+02
1.054920e+02
1.054920e+02
1.054920e+02
1.054921e+02
1.054921e+02
1.054921e+02
1.054921e+02
1.054921e+02
1.054922e+02
1.054922e+02
1.054922e+02
1.054922e+02
1.054922e+02
1.054923e+02
1.054923e+02
1.054923e+02
1.054923e+02
1.054923e+02
1.054923e+02
1.054924e+02
1.054924e+02
1.054924e+02
1.054924e+02
1.054924e+02
1.054925e+02
1.054925e+02
1.054925e+02
1.054925e+02
1.054925e+02
1.054925e+02
1.054926e+02
1.054926e+02
1.054926e+02
1.054926e+02
1.054926e+02
1.054926e+02
1.054926e+02
1.054927e+02
1.054927e+02
1.054927e+02
1.054927e+02
1.054927e+02
1.054927e+02
1.054927e+02
1.054928e+02
1.054928e+02
1.054928e+02
1.054928e+02
1.054928e+02
1.054928e+02 
1.054928e+02
1.054928e+02
1.054929e+02
1.054929e+02
1.054929e+02
1.054929e+02
1.054929e+02
1.054929e+02
1.054929e+02
1.054929e+02
1.054929e+02
1.054930e+02
1.054930e+02
1.054930e+02
1.054930e+02
1.054930e+02
1.054930e+02
1.054930e+02
1.054930e+02
1.054930e+02
1.054930e+02
1.054931e+02
1.054931e+02
1.054931e+02
1.054931e+02
1.054931e+02
1.054931e+02
1.054931e+02
1.054931e+02
1.054931e+02
1.054931e+02
1.054931e+02
1.054931e+02
1.054931e+02
1.054932e+02
1.054932e+02
1.054932e+02
1.054932e+02
1.054932e+02
1.054932e+02
1.054932e+02
1.054932e+02
1.054932e+02
1.054932e+02
1.054932e+02
1.054932e+02
1.054932e+02
1.054932e+02
1.054932e+02
1.054932e+02
1.054932e+02
1.054932e+02
1.054933e+02
1.054933e+02
1.054933e+02
1.054933e+02
1.054933e+02
1.054933e+02
1.054933e+02
1.054933e+02
1.054933e+02
1.054933e+02
1.054933e+02
1.054933e+02
1.054933e+02
1.054933e+02
1.054933e+02
1.054933e+02
1.054933e+02
1.054933e+02
1.054933e+02
1.054933e+02
1.054933e+02
1.054933e+02
1.054933e+02
1.054933e+02
1.054933e+02
1.054933e+02
1.054933e+02
1.054933e+02
1.054933e+02
1.054933e+02
1.054933e+02
1.054933e+02
1.054933e+02
1.054933e+02
1.054933e+02
1.054933e+02
1.054933e+02
1.054933e+02
1.054933e+02
1.054933e+02
1.054933e+02
1.054933e+02
1.054933e+02
1.054933e+02
1.054933e+02
1.054933e+02
1.054933e+02
1.054933e+02
1.054933e+02
1.054933e+02
1.054933e+02
1.054933e+02
1.054933e+02
1.054933e+02
1.054933e+02
1.054933e+02
1.054933e+02
1.054932e+02
1.054932e+02
1.054932e+02
1.054932e+02
1.054932e+02
1.054932e+02
1.054932e+02
1.054932e+02
1.054932e+02
1.054932e+02
1.054932e+02
1.054932e+02
1.054932e+02
1.054932e+02
1.054932e+02
1.054932e+02
1.054932e+02
1.054932e+02
1.054931e+02
1.054931e+02
1.054931e+02
1.054931e+02
1.054931e+02
1.054931e+02
1.054931e+02
1.054931e+02
1.054931e+02
1.054931e+02
1.054931e+02
1.054931e+02
1.054931e+02
1.054930e+02
1.054930e+02
1.054930e+02
1.054930e+02
1.054930e+02
1.054930e+02
1.054930e+02
1.054930e+02
1.054930e+02
1.054930e+02
1.054929e+02
1.054929e+02
1.054929e+02
1.054929e+02
1.054929e+02
1.054929e+02
1.054929e+02
1.054929e+02
1.054929e+02
1.054928e+02
1.054928e+02
1.054928e+02
1.054928e+02
1.054928e+02
1.054928e+02
1.054928e+02
1.054928e+02
1.054927e+02
1.054927e+02
1.054927e+02
1.054927e+02
1.054927e+02
1.054927e+02
1.054927e+02
1.054926e+02
1.054926e+02
1.054926e+02
1.054926e+02
1.054926e+02
1.054926e+02
1.054926e+02
1.054925e+02
1.054925e+02
1.054925e+02
1.054925e+02
1.054925e+02
1.054925e+02
1.054924e+02
1.054924e+02
1.054924e+02
1.054924e+02
1.054924e+02
1.054923e+02
1.054923e+02
1.054923e+02
1.054923e+02
1.054923e+02
1.054923e+02
1.054922e+02
1.054922e+02
1.054922e+02
1.054922e+02
1.054922e+02
1.054921e+02
1.054921e+02
1.054921e+02
1.054921e+02
1.054921e+02
1.054920e+02
1.054920e+02
1.054920e+02
1.054920e+02
1.054919e+02
1.054919e+02
1.054919e+02
1.054919e+02
1.054919e+02
1.054918e+02
1.054918e+02
1.054918e+02
1.054918e+02
1.054917e+02
1.054917e+02
1.054917e+02
1.054917e+02
1.054916e+02
1.054916e+02
1.054916e+02
1.054916e+02
1.054915e+02
1.054915e+02
1.054915e+02
1.054914e+02
1.054914e+02
1.054914e+02
1.054914e+02
1.054913e+02
1.054913e+02
1.054913e+02
1.054912e+02
1.054912e+02
1.054912e+02
1.054912e+02
1.054911e+02
1.054911e+02
1.054911e+02
1.054910e+02
1.054910e+02
1.054910e+02
1.054909e+02
1.054909e+02
1.054909e+02
1.054908e+02
1.054908e+02
1.054908e+02
1.054907e+02
1.054907e+02
1.054907e+02
1.054906e+02
1.054906e+02
1.054906e+02
1.054905e+02
1.054905e+02
1.054905e+02
1.054904e+02
1.054904e+02
1.054904e+02
1.054903e+02
1.054903e+02
1.054902e+02
1.054902e+02
1.054902e+02
1.054901e+02
1.054901e+02
1.054900e+02
1.054900e+02
1.054900e+02
1.054899e+02
1.054899e+02
1.054898e+02
1.054898e+02
1.054898e+02
1.054897e+02
1.054897e+02
1.054896e+02
1.054896e+02
1.054895e+02
1.054895e+02
1.054894e+02
1.054894e+02
1.054894e+02
1.054893e+02
1.054893e+02
1.054892e+02
1.054892e+02
1.054891e+02
1.054891e+02
1.054890e+02
1.054890e+02
1.054889e+02
1.054889e+02
1.054888e+02
1.054888e+02
1.054887e+02
1.054887e+02
1.054886e+02
1.054886e+02
1.054885e+02
1.054884e+02
1.054884e+02
1.054883e+02
1.054883e+02
1.054882e+02
1.054882e+02
1.054881e+02
1.054881e+02
1.054880e+02
1.054879e+02
1.054879e+02
1.054878e+02
1.054878e+02
1.054877e+02
1.054876e+02
1.054876e+02
1.054875e+02
1.054875e+02
1.054874e+02
1.054873e+02
1.054873e+02
1.054872e+02
1.054871e+02
1.054871e+02
1.054870e+02
1.054869e+02
1.054869e+02
1.054868e+02
1.054867e+02
1.054867e+02
1.054866e+02
1.054865e+02
1.054865e+02
1.054864e+02
1.054863e+02
1.054862e+02
1.054862e+02
1.054861e+02
1.054860e+02
1.054859e+02
1.054859e+02
1.054858e+02
1.054857e+02
1.054856e+02
1.054856e+02
1.054855e+02
1.054854e+02
1.054853e+02
1.054852e+02
1.054851e+02
1.054851e+02
1.054850e+02
1.054849e+02
1.054848e+02
1.054847e+02
1.054846e+02
1.054845e+02
1.054845e+02
1.054844e+02
1.054843e+02
1.054842e+02
1.054841e+02
1.054840e+02
1.054839e+02
1.054838e+02
1.054837e+02
1.054836e+02
1.054835e+02
1.054834e+02
1.054833e+02
1.054832e+02
1.054831e+02
1.054830e+02
1.054829e+02
1.054828e+02
1.054827e+02
1.054826e+02
1.054825e+02
1.054824e+02
1.054823e+02
1.054822e+02
1.054821e+02
1.054820e+02
1.054819e+02
1.054818e+02
1.054816e+02
1.054815e+02
1.054814e+02
1.054813e+02
1.054812e+02
1.054811e+02
1.054809e+02
1.054808e+02
1.054807e+02
1.054806e+02
1.054805e+02
1.054803e+02
1.054802e+02
1.054801e+02
1.054800e+02
1.054798e+02
1.054797e+02
1.054796e+02
1.054794e+02
1.054793e+02
1.054792e+02
1.054790e+02
1.054789e+02
1.054788e+02
1.054786e+02
1.054785e+02
1.054783e+02
1.054782e+02
1.054780e+02
1.054779e+02
1.054778e+02
1.054776e+02
1.054775e+02
1.054773e+02
1.054772e+02
1.054770e+02
1.054768e+02
1.054767e+02
1.054765e+02
1.054764e+02
1.054762e+02
1.054760e+02
1.054759e+02
1.054757e+02
1.054756e+02
1.054754e+02
1.054752e+02
1.054750e+02
1.054749e+02
1.054747e+02
1.054745e+02
1.054743e+02
1.054742e+02
1.054740e+02
1.054738e+02
1.054736e+02
1.054734e+02
1.054732e+02
1.054731e+02
1.054729e+02
1.054727e+02
1.054725e+02
1.054723e+02
1.054721e+02
1.054719e+02
1.054717e+02
1.054715e+02
1.054713e+02
1.054711e+02
1.054709e+02
1.054706e+02
1.054704e+02
1.054702e+02
1.054700e+02
1.054698e+02
1.054696e+02
1.054693e+02
1.054691e+02
1.054689e+02
1.054687e+02
1.054684e+02
1.054682e+02
1.054680e+02
1.054677e+02
1.054675e+02
1.054673e+02
1.054670e+02
1.054668e+02
1.054665e+02
1.054663e+02
1.054660e+02
1.054658e+02
1.054655e+02
1.054652e+02
1.054650e+02
1.054647e+02
1.054645e+02
1.054642e+02
1.054639e+02
1.054636e+02
1.054634e+02
1.054631e+02
1.054628e+02
1.054625e+02
1.054622e+02
1.054619e+02
1.054616e+02
1.054614e+02
1.054611e+02
1.054608e+02
1.054605e+02
1.054602e+02
1.054598e+02
1.054595e+02
1.054592e+02
1.054589e+02
1.054586e+02
1.054583e+02
1.054579e+02
1.054576e+02
1.054573e+02
1.054569e+02
1.054566e+02
1.054563e+02
1.054559e+02
1.054556e+02
1.054552e+02
1.054549e+02
1.054545e+02
1.054542e+02
1.054538e+02
1.054534e+02
1.054531e+02
1.054527e+02
1.054523e+02
1.054519e+02
1.054515e+02
1.054512e+02
1.054508e+02
1.054504e+02
1.054500e+02
1.054496e+02
1.054492e+02
1.054488e+02
1.054484e+02
1.054479e+02
1.054475e+02
1.054471e+02
1.054467e+02
1.054462e+02
1.054458e+02
1.054454e+02
1.054449e+02
1.054445e+02
1.054440e+02
1.054436e+02
1.054431e+02
1.054426e+02
1.054422e+02
1.054417e+02
1.054412e+02
1.054407e+02
1.054403e+02
1.054398e+02
1.054393e+02
1.054388e+02
1.054383e+02
1.054378e+02
1.054373e+02
1.054367e+02
1.054362e+02
1.054357e+02
1.054352e+02
1.054346e+02
1.054341e+02
1.054335e+02
1.054330e+02
1.054324e+02
1.054319e+02
1.054313e+02
1.054308e+02
1.054302e+02
1.054296e+02
1.054290e+02
1.054284e+02
1.054278e+02
1.054272e+02
1.054266e+02
1.054260e+02
1.054254e+02
1.054248e+02
1.054241e+02
1.054235e+02
1.054229e+02
1.054222e+02
1.054216e+02
1.054209e+02
1.054203e+02
1.054196e+02
1.054189e+02
1.054182e+02
1.054175e+02
1.054169e+02
1.054162e+02
1.054155e+02
1.054147e+02
1.054140e+02
1.054133e+02
1.054126e+02
1.054118e+02
1.054111e+02
1.054104e+02
1.054096e+02
1.054088e+02
1.054081e+02
1.054073e+02
1.054065e+02
1.054057e+02
1.054049e+02
1.054041e+02
1.054033e+02
1.054025e+02
1.054017e+02
1.054009e+02
1.054000e+02
1.053992e+02
1.053983e+02
