1.700000e+01
1.723888e+01
1.747734e+01
1.771498e+01
1.795137e+01
1.818610e+01
1.841877e+01
1.864897e+01
1.887631e+01
1.910038e+01
1.932080e+01
1.953720e+01
1.974919e+01
1.995641e+01
2.015852e+01
2.035515e+01
2.054597e+01
2.073067e+01
2.090893e+01
2.108044e+01
2.124492e+01
2.140210e+01
2.155170e+01
2.169350e+01
2.182725e+01
2.195275e+01
2.206978e+01
2.217817e+01
2.227774e+01
2.236835e+01
2.244986e+01
2.252216e+01
2.258514e+01
2.263873e+01
2.268286e+01
2.271748e+01
2.274256e+01
2.275811e+01
2.276411e+01
2.276061e+01
2.274764e+01
2.272528e+01
2.269359e+01
2.265267e+01
2.260265e+01
2.254365e+01
2.247583e+01
2.239935e+01
2.231439e+01
2.222116e+01
2.211986e+01
2.201073e+01
2.189402e+01
2.176997e+01
2.163887e+01
2.150100e+01
2.135667e+01
2.120617e+01
2.104984e+01
2.088801e+01
2.072102e+01
2.054924e+01
2.037301e+01
2.019272e+01
2.000874e+01
1.982146e+01
1.963127e+01
1.943857e+01
1.924377e+01
1.904726e+01
1.884947e+01
1.865079e+01
1.845165e+01
1.825246e+01
1.805363e+01
1.785558e+01
1.765872e+01
1.746346e+01
1.727021e+01
1.707937e+01
1.689133e+01
1.670649e+01
1.652524e+01
1.634795e+01
1.617500e+01
1.600675e+01
1.584356e+01
1.568576e+01
1.553370e+01
1.538770e+01
1.524806e+01
1.511510e+01
1.498908e+01
1.487030e+01
1.475900e+01
1.465544e+01
1.455983e+01
1.447241e+01
1.439336e+01
1.432287e+01
1.426110e+01
1.420821e+01
1.416433e+01
1.412958e+01
1.410404e+01
1.408781e+01
1.408094e+01
1.408349e+01
1.409547e+01
1.411690e+01
1.414776e+01
1.418803e+01
1.423766e+01
1.429659e+01
1.436473e+01
1.444200e+01
1.452826e+01
1.462339e+01
1.472724e+01
1.483963e+01
1.496039e+01
1.508931e+01
1.522618e+01
1.537077e+01
1.552282e+01
1.568209e+01
1.584829e+01
1.602113e+01
1.620033e+01
1.638556e+01
1.657650e+01
1.677281e+01
1.697416e+01
1.718017e+01
1.739050e+01
1.760476e+01
1.782258e+01
1.804356e+01
1.826732e+01
1.849345e+01
1.872156e+01
1.895123e+01
1.918205e+01
1.941361e+01
1.964549e+01
1.987729e+01
2.010858e+01
2.033894e+01
2.056797e+01
2.079526e+01
2.102039e+01
2.124296e+01
2.146258e+01
2.167885e+01
2.189138e+01
2.209979e+01
2.230372e+01
2.250278e+01
2.269664e+01
2.288494e+01
2.306735e+01
2.324354e+01
2.341321e+01
2.357604e+01
2.373176e+01
2.388009e+01
2.402077e+01
2.415355e+01
2.427820e+01
2.439451e+01
2.450228e+01
2.460132e+01
2.469146e+01
2.477256e+01
2.484448e+01
2.490710e+01
2.496032e+01
2.500407e+01
2.503828e+01
2.506290e+01
2.507791e+01
2.508329e+01
2.507906e+01
2.506525e+01
2.504189e+01
2.500905e+01
2.496682e+01
2.491528e+01
2.485456e+01
2.478479e+01
2.470611e+01
2.461871e+01
2.452275e+01
2.441844e+01
2.430599e+01
2.418564e+01
2.405763e+01
2.392222e+01
2.377968e+01
2.363031e+01
2.347439e+01
2.331224e+01
2.314419e+01
2.297057e+01
2.279172e+01
2.260800e+01
2.241978e+01
2.222742e+01
2.203131e+01
2.183183e+01
2.162937e+01
2.142434e+01
2.121714e+01
2.100817e+01
2.079785e+01
2.058658e+01
2.037478e+01
2.016287e+01
1.995127e+01
1.974037e+01
1.953061e+01
1.932238e+01
1.911610e+01
1.891217e+01
1.871099e+01
1.851295e+01
1.831843e+01
1.812782e+01
1.794149e+01
1.775981e+01
1.758312e+01
1.741178e+01
1.724611e+01
1.708645e+01
1.693310e+01
1.678637e+01
1.664654e+01
1.651388e+01
1.638866e+01
1.627112e+01
1.616148e+01
1.605998e+01
1.596680e+01
1.588213e+01
1.580614e+01
1.573898e+01
1.568077e+01
1.563165e+01
1.559170e+01
1.556100e+01
1.553963e+01
1.552762e+01
1.552500e+01
1.553178e+01
1.554796e+01
1.557350e+01
1.560836e+01
1.565248e+01
1.570577e+01
1.576814e+01
1.583947e+01
1.591963e+01
1.600847e+01
1.610581e+01
1.621148e+01
1.632528e+01
1.644699e+01
1.657638e+01
1.671320e+01
1.685720e+01
1.700810e+01
1.716562e+01
1.732945e+01
1.749928e+01
1.767479e+01
1.785564e+01
1.804149e+01
1.823199e+01
1.842676e+01
1.862545e+01
1.882766e+01
1.903301e+01
1.924110e+01
1.945155e+01
1.966394e+01
1.987787e+01
2.009293e+01
2.030871e+01
2.052478e+01
2.074075e+01
2.095618e+01
2.117067e+01
2.138381e+01
2.159518e+01
2.180437e+01
2.201099e+01
2.221464e+01
2.241492e+01
2.261144e+01
2.280383e+01
2.299172e+01
2.317473e+01
2.335252e+01
2.352474e+01
2.369105e+01
2.385114e+01
2.400468e+01
2.415139e+01
2.429097e+01
2.442314e+01
2.454766e+01
2.466427e+01
2.477275e+01
2.487287e+01
2.496445e+01
2.504729e+01
2.512123e+01
2.518611e+01
2.524182e+01
2.528822e+01
2.532522e+01
2.535275e+01
2.537073e+01
2.537913e+01
2.537791e+01
2.536706e+01
2.534661e+01
2.531657e+01
2.527699e+01
2.522793e+01
2.516948e+01
2.510172e+01
2.502479e+01
2.493882e+01
2.484395e+01
2.474035e+01
2.462820e+01
2.450772e+01
2.437910e+01
2.424259e+01
2.409843e+01
2.394688e+01
2.378821e+01
2.362271e+01
2.345068e+01
2.327244e+01
2.308831e+01
2.289862e+01
2.270372e+01
2.250396e+01
2.229971e+01
2.209135e+01
2.187925e+01
2.166380e+01
2.144539e+01
2.122442e+01
2.100131e+01
2.077644e+01
2.055024e+01
2.032312e+01
2.009549e+01
1.986778e+01
1.964038e+01
1.941373e+01
1.918823e+01
1.896429e+01
1.874232e+01
1.852273e+01
1.830591e+01
1.809226e+01
1.788216e+01
1.767601e+01
1.747416e+01
1.727698e+01
1.708483e+01
1.689806e+01
1.671700e+01
1.654197e+01
1.637329e+01
1.621125e+01
1.605615e+01
1.590827e+01
1.576785e+01
1.563515e+01
1.551039e+01
1.539380e+01
1.528557e+01
1.518589e+01
1.509493e+01
1.501283e+01
1.493973e+01
1.487575e+01
1.482099e+01
1.477553e+01
1.473942e+01
1.471273e+01
1.469547e+01
1.468766e+01
1.468928e+01
1.470031e+01
1.472071e+01
1.475041e+01
1.478933e+01
1.483738e+01
1.489443e+01
1.496037e+01
1.503502e+01
1.511824e+01
1.520983e+01
1.530960e+01
1.541733e+01
1.553280e+01
1.565575e+01
1.578593e+01
1.592306e+01
1.606686e+01
1.621703e+01
1.637326e+01
1.653522e+01
1.670258e+01
1.687500e+01
1.705212e+01
1.723357e+01
1.741899e+01
1.760799e+01
1.780020e+01
1.799521e+01
1.819263e+01
1.839206e+01
1.859308e+01
1.879530e+01
1.899829e+01
1.920165e+01
1.940496e+01
1.960780e+01
1.980976e+01
2.001044e+01
2.020941e+01
2.040627e+01
2.060063e+01
2.079207e+01
2.098022e+01
2.116468e+01
2.134507e+01
2.152102e+01
2.169218e+01
2.185817e+01
2.201867e+01
2.217333e+01
2.232184e+01
2.246387e+01
2.259914e+01
2.272735e+01
2.284823e+01
2.296153e+01
2.306699e+01
2.316439e+01
2.325352e+01
2.333416e+01
2.340615e+01
2.346932e+01
2.352351e+01
2.356859e+01
2.360444e+01
2.363098e+01
2.364811e+01
2.365578e+01
2.365394e+01
2.364256e+01
2.362164e+01
2.359119e+01
2.355123e+01
2.350181e+01
2.344299e+01
2.337486e+01
2.329752e+01
2.321107e+01
2.311567e+01
2.301145e+01
2.289858e+01
2.277725e+01
2.264767e+01
2.251004e+01
2.236460e+01
2.221159e+01
2.205127e+01
2.188393e+01
2.170984e+01
2.152931e+01
2.134265e+01
2.115018e+01
2.095225e+01
2.074919e+01
2.054136e+01
2.032914e+01
2.011288e+01
1.989297e+01
1.966980e+01
1.944377e+01
1.921527e+01
1.898470e+01
1.875248e+01
1.851901e+01
1.828471e+01
1.805000e+01
1.781529e+01
1.758099e+01
1.734752e+01
1.711530e+01
1.688473e+01
1.665623e+01
1.643020e+01
1.620703e+01
1.598712e+01
1.577086e+01
1.555864e+01
1.535081e+01
1.514775e+01
1.494982e+01
1.475735e+01
1.457069e+01
1.439016e+01
1.421607e+01
1.404873e+01
1.388841e+01
1.373540e+01
1.358996e+01
1.345233e+01
1.332275e+01
1.320142e+01
1.308855e+01
1.298433e+01
1.288893e+01
1.280248e+01
1.272514e+01
1.265701e+01
1.259819e+01
1.254877e+01
1.250881e+01
1.247836e+01
1.245744e+01
1.244606e+01
1.244422e+01
1.245189e+01
1.246902e+01
1.249556e+01
1.253141e+01
1.257649e+01
1.263068e+01
1.269385e+01
1.276584e+01
1.284648e+01
1.293561e+01
1.303301e+01
1.313847e+01
1.325177e+01
1.337265e+01
1.350086e+01
1.363613e+01
1.377816e+01
1.392667e+01
1.408133e+01
1.424183e+01
1.440782e+01
1.457898e+01
1.475493e+01
1.493532e+01
1.511978e+01
1.530793e+01
1.549937e+01
1.569373e+01
1.589059e+01
1.608956e+01
1.629024e+01
1.649220e+01
1.669504e+01
1.689835e+01
1.710171e+01
1.730470e+01
1.750692e+01
1.770794e+01
1.790737e+01
1.810479e+01
1.829980e+01
1.849201e+01
1.868101e+01
1.886643e+01
1.904788e+01
1.922500e+01
1.939742e+01
1.956478e+01
1.972674e+01
1.988297e+01
2.003314e+01
2.017694e+01
2.031407e+01
2.044425e+01
2.056720e+01
2.068267e+01
2.079040e+01
2.089017e+01
2.098176e+01
2.106498e+01
2.113963e+01
2.120557e+01
2.126262e+01
2.131067e+01
2.134959e+01
2.137929e+01
2.139969e+01
2.141072e+01
2.141234e+01
2.140453e+01
2.138727e+01
2.136058e+01
2.132447e+01
2.127901e+01
2.122425e+01
2.116027e+01
2.108717e+01
2.100507e+01
2.091411e+01
2.081443e+01
2.070620e+01
2.058961e+01
2.046485e+01
2.033215e+01
2.019173e+01
2.004385e+01
1.988875e+01
1.972671e+01
1.955803e+01
1.938300e+01
1.920194e+01
1.901517e+01
1.882302e+01
1.862584e+01
1.842399e+01
1.821784e+01
1.800774e+01
1.779409e+01
1.757727e+01
1.735768e+01
1.713571e+01
1.691177e+01
1.668627e+01
1.645962e+01
1.623222e+01
1.600451e+01
1.577688e+01
1.554976e+01
1.532356e+01
1.509869e+01
1.487558e+01
1.465461e+01
1.443620e+01
1.422075e+01
1.400865e+01
1.380029e+01
1.359604e+01
1.339628e+01
1.320138e+01
1.301169e+01
1.282756e+01
1.264932e+01
1.247729e+01
1.231179e+01
1.215312e+01
1.200157e+01
1.185741e+01
1.172090e+01
1.159228e+01
1.147180e+01
1.135965e+01
1.125605e+01
1.116118e+01
1.107521e+01
1.099828e+01
1.093052e+01
1.087207e+01
1.082301e+01
1.078343e+01
1.075339e+01
1.073294e+01
1.072209e+01
1.072087e+01
1.072927e+01
1.074725e+01
1.077478e+01
1.081178e+01
1.085818e+01
1.091389e+01
1.097877e+01
1.105271e+01
1.113555e+01
1.122713e+01
1.132725e+01
1.143573e+01
1.155234e+01
1.167686e+01
1.180903e+01
1.194861e+01
1.209532e+01
1.224886e+01
1.240895e+01
1.257526e+01
1.274748e+01
1.292527e+01
1.310828e+01
1.329617e+01
1.348856e+01
1.368508e+01
1.388536e+01
1.408901e+01
1.429563e+01
1.450482e+01
1.471619e+01
1.492933e+01
1.514382e+01
1.535925e+01
1.557522e+01
1.579129e+01
1.600707e+01
1.622213e+01
1.643606e+01
1.664845e+01
1.685890e+01
1.706699e+01
1.727234e+01
1.747455e+01
1.767324e+01
1.786801e+01
1.805851e+01
1.824436e+01
1.842521e+01
1.860072e+01
1.877055e+01
1.893438e+01
1.909190e+01
1.924280e+01
1.938680e+01
1.952362e+01
1.965301e+01
1.977472e+01
1.988852e+01
1.999419e+01
2.009153e+01
2.018037e+01
2.026053e+01
2.033186e+01
2.039423e+01
2.044752e+01
2.049164e+01
2.052650e+01
2.055204e+01
2.056822e+01
2.057500e+01
2.057238e+01
2.056037e+01
2.053900e+01
2.050830e+01
2.046835e+01
2.041923e+01
2.036102e+01
2.029386e+01
2.021787e+01
2.013320e+01
2.004002e+01
1.993852e+01
1.982888e+01
1.971134e+01
1.958612e+01
1.945346e+01
1.931363e+01
1.916690e+01
1.901355e+01
1.885389e+01
1.868822e+01
1.851688e+01
1.834019e+01
1.815851e+01
1.797218e+01
1.778157e+01
1.758705e+01
1.738901e+01
1.718783e+01
1.698390e+01
1.677762e+01
1.656939e+01
1.635963e+01
1.614873e+01
1.593713e+01
1.572522e+01
1.551342e+01
1.530215e+01
1.509183e+01
1.488286e+01
1.467566e+01
1.447063e+01
1.426817e+01
1.406869e+01
1.387258e+01
1.368022e+01
1.349200e+01
1.330828e+01
1.312943e+01
1.295581e+01
1.278776e+01
1.262561e+01
1.246969e+01
1.232032e+01
1.217778e+01
1.204237e+01
1.191436e+01
1.179401e+01
1.168156e+01
1.157725e+01
1.148129e+01
1.139389e+01
1.131521e+01
1.124544e+01
1.118472e+01
1.113318e+01
1.109095e+01
1.105811e+01
1.103475e+01
1.102094e+01
1.101671e+01
1.102209e+01
1.103710e+01
1.106172e+01
1.109593e+01
1.113968e+01
1.119290e+01
1.125552e+01
1.132744e+01
1.140854e+01
1.149868e+01
1.159772e+01
1.170549e+01
1.182180e+01
1.194645e+01
1.207923e+01
1.221991e+01
1.236824e+01
1.252396e+01
1.268679e+01
1.285646e+01
1.303265e+01
1.321506e+01
1.340336e+01
1.359722e+01
1.379628e+01
1.400021e+01
1.420862e+01
1.442115e+01
1.463742e+01
1.485704e+01
1.507961e+01
1.530474e+01
1.553203e+01
1.576106e+01
1.599142e+01
1.622271e+01
1.645451e+01
1.668639e+01
1.691795e+01
1.714877e+01
1.737844e+01
1.760655e+01
1.783268e+01
1.805644e+01
1.827742e+01
1.849524e+01
1.870950e+01
1.891983e+01
1.912584e+01
1.932719e+01
1.952350e+01
1.971444e+01
1.989967e+01
2.007887e+01
2.025171e+01
2.041791e+01
2.057718e+01
2.072923e+01
2.087382e+01
2.101069e+01
2.113961e+01
2.126037e+01
2.137276e+01
2.147661e+01
2.157174e+01
2.165800e+01
2.173527e+01
2.180341e+01
2.186234e+01
2.191197e+01
2.195224e+01
2.198310e+01
2.200453e+01
2.201651e+01
2.201906e+01
2.201219e+01
2.199596e+01
2.197042e+01
2.193567e+01
2.189179e+01
2.183890e+01
2.177713e+01
2.170664e+01
2.162759e+01
2.154017e+01
2.144456e+01
2.134100e+01
2.122970e+01
2.111092e+01
2.098490e+01
2.085194e+01
2.071230e+01
2.056630e+01
2.041424e+01
2.025644e+01
2.009325e+01
1.992500e+01
1.975205e+01
1.957476e+01
1.939351e+01
1.920867e+01
1.902063e+01
1.882979e+01
1.863654e+01
1.844128e+01
1.824442e+01
1.804637e+01
1.784754e+01
1.764835e+01
1.744921e+01
1.725053e+01
1.705274e+01
1.685623e+01
1.666143e+01
1.646873e+01
1.627854e+01
1.609126e+01
1.590728e+01
1.572699e+01
1.555076e+01
1.537898e+01
1.521199e+01
1.505016e+01
1.489383e+01
1.474333e+01
1.459900e+01
1.446113e+01
1.433003e+01
1.420598e+01
1.408927e+01
1.398014e+01
1.387884e+01
1.378561e+01
1.370065e+01
1.362417e+01
1.355635e+01
1.349735e+01
1.344733e+01
1.340641e+01
1.337472e+01
1.335236e+01
1.333939e+01
1.333589e+01
1.334189e+01
1.335744e+01
1.338252e+01
1.341714e+01
1.346127e+01
1.351486e+01
1.357784e+01
1.365014e+01
1.373165e+01
1.382226e+01
1.392183e+01
1.403022e+01
1.414725e+01
1.427275e+01
1.440650e+01
1.454830e+01
1.469790e+01
1.485508e+01
1.501956e+01
1.519107e+01
1.536933e+01
1.555403e+01
1.574485e+01
1.594148e+01
1.614359e+01
1.635081e+01
1.656280e+01
1.677920e+01
1.699962e+01
1.722369e+01
1.745103e+01
1.768123e+01
1.791390e+01
1.814863e+01
1.838502e+01
1.862266e+01
1.886112e+01
1.910000e+01
1.933888e+01
1.957734e+01
1.981498e+01
2.005137e+01
2.028610e+01
2.051877e+01
2.074897e+01
2.097631e+01
2.120038e+01
2.142080e+01
2.163720e+01
2.184919e+01
2.205641e+01
2.225852e+01
2.245515e+01
2.264597e+01
2.283067e+01
2.300893e+01
2.318044e+01
2.334492e+01
2.350210e+01
2.365170e+01
2.379350e+01
2.392725e+01
2.405275e+01
2.416978e+01
2.427817e+01
2.437774e+01
2.446835e+01
2.454986e+01
2.462216e+01
2.468514e+01
2.473873e+01
2.478286e+01
2.481748e+01
2.484256e+01
2.485811e+01
2.486411e+01
2.486061e+01
2.484764e+01
2.482528e+01
2.479359e+01
2.475267e+01
2.470265e+01
2.464365e+01
2.457583e+01
2.449935e+01
2.441439e+01
2.432116e+01
2.421986e+01
2.411073e+01
2.399402e+01
2.386997e+01
2.373887e+01
2.360100e+01
2.345667e+01
2.330617e+01
2.314984e+01
2.298801e+01
2.282102e+01
2.264924e+01
2.247301e+01
2.229272e+01
2.210874e+01
2.192146e+01
2.173127e+01
2.153857e+01
2.134377e+01
2.114726e+01
2.094947e+01
2.075079e+01
2.055165e+01
2.035246e+01
2.015363e+01
1.995558e+01
1.975872e+01
1.956346e+01
1.937021e+01
1.917937e+01
1.899133e+01
1.880649e+01
1.862524e+01
1.844795e+01
1.827500e+01
1.810675e+01
1.794356e+01
1.778576e+01
1.763370e+01
1.748770e+01
1.734806e+01
1.721510e+01
1.708908e+01
1.697030e+01
1.685900e+01
1.675544e+01
1.665983e+01
1.657241e+01
1.649336e+01
1.642287e+01
1.636110e+01
1.630821e+01
1.626433e+01
1.622958e+01
1.620404e+01
1.618781e+01
1.618094e+01
1.618349e+01
1.619547e+01
1.621690e+01
1.624776e+01
1.628803e+01
1.633766e+01
1.639659e+01
1.646473e+01
1.654200e+01
1.662826e+01
1.672339e+01
1.682724e+01
1.693963e+01
1.706039e+01
1.718931e+01
1.732618e+01
1.747077e+01
1.762282e+01
1.778209e+01
1.794829e+01
1.812113e+01
1.830033e+01
1.848556e+01
1.867650e+01
1.887281e+01
1.907416e+01
1.928017e+01
1.949050e+01
1.970476e+01
1.992258e+01
2.014356e+01
2.036732e+01
2.059345e+01
2.082156e+01
2.105123e+01
2.128205e+01
2.151361e+01
2.174549e+01
2.197729e+01
2.220858e+01
2.243894e+01
2.266797e+01
2.289526e+01
2.312039e+01
2.334296e+01
2.356258e+01
2.377885e+01
2.399138e+01
2.419979e+01
2.440372e+01
2.460278e+01
2.479664e+01
2.498494e+01
2.516735e+01
2.534354e+01
2.551321e+01
2.567604e+01
2.583176e+01
2.598009e+01
2.612077e+01
2.625355e+01
2.637820e+01
2.649451e+01
2.660228e+01
2.670132e+01
2.679146e+01
2.687256e+01
2.694448e+01
2.700710e+01
2.706032e+01
2.710407e+01
2.713828e+01
2.716290e+01
2.717791e+01
2.718329e+01
2.717906e+01
2.716525e+01
2.714189e+01
2.710905e+01
2.706682e+01
2.701528e+01
2.695456e+01
2.688479e+01
2.680611e+01
2.671871e+01
2.662275e+01
2.651844e+01
2.640599e+01
2.628564e+01
2.615763e+01
2.602222e+01
2.587968e+01
2.573031e+01
2.557439e+01
2.541224e+01
2.524419e+01
2.507057e+01
2.489172e+01
2.470800e+01
2.451978e+01
2.432742e+01
2.413131e+01
2.393183e+01
2.372937e+01
2.352434e+01
2.331714e+01
2.310817e+01
2.289785e+01
2.268658e+01
2.247478e+01
2.226287e+01
2.205127e+01
2.184037e+01
2.163061e+01
2.142238e+01
2.121610e+01
2.101217e+01
2.081099e+01
2.061295e+01
2.041843e+01
2.022782e+01
2.004149e+01
1.985981e+01
1.968312e+01
1.951178e+01
1.934611e+01
1.918645e+01
1.903310e+01
1.888637e+01
1.874654e+01
1.861388e+01
1.848866e+01
1.837112e+01
1.826148e+01
1.815998e+01
1.806680e+01
1.798213e+01
1.790614e+01
1.783898e+01
1.778077e+01
1.773165e+01
1.769170e+01
1.766100e+01
1.763963e+01
1.762762e+01
1.762500e+01
1.763178e+01
1.764796e+01
1.767350e+01
1.770836e+01
1.775248e+01
1.780577e+01
1.786814e+01
1.793947e+01
1.801963e+01
1.810847e+01
1.820581e+01
1.831148e+01
1.842528e+01
1.854699e+01
1.867638e+01
1.881320e+01
1.895720e+01
1.910810e+01
1.926562e+01
1.942945e+01
1.959928e+01
1.977479e+01
1.995564e+01
2.014149e+01
2.033199e+01
2.052676e+01
2.072545e+01
2.092766e+01
2.113301e+01
2.134110e+01
2.155155e+01
2.176394e+01
2.197787e+01
2.219293e+01
2.240871e+01
2.262478e+01
2.284075e+01
2.305618e+01
2.327067e+01
2.348381e+01
2.369518e+01
2.390437e+01
2.411099e+01
2.431464e+01
2.451492e+01
2.471144e+01
2.490383e+01
2.509172e+01
2.527473e+01
2.545252e+01
2.562474e+01
2.579105e+01
2.595114e+01
2.610468e+01
2.625139e+01
2.639097e+01
2.652314e+01
2.664766e+01
2.676427e+01
2.687275e+01
2.697287e+01
2.706445e+01
2.714729e+01
2.722123e+01
2.728611e+01
2.734182e+01
2.738822e+01
2.742522e+01
2.745275e+01
2.747073e+01
2.747913e+01
2.747791e+01
2.746706e+01
2.744661e+01
2.741657e+01
2.737699e+01
2.732793e+01
2.726948e+01
2.720172e+01
2.712479e+01
2.703882e+01
2.694395e+01
2.684035e+01
2.672820e+01
2.660772e+01
2.647910e+01
2.634259e+01
2.619843e+01
2.604688e+01
2.588821e+01
2.572271e+01
2.555068e+01
2.537244e+01
2.518831e+01
2.499862e+01
2.480372e+01
2.460396e+01
2.439971e+01
2.419135e+01
2.397925e+01
2.376380e+01
2.354539e+01
2.332442e+01
2.310131e+01
2.287644e+01
2.265024e+01
2.242312e+01
2.219549e+01
2.196778e+01
2.174038e+01
2.151373e+01
2.128823e+01
2.106429e+01
2.084232e+01
2.062273e+01
2.040591e+01
2.019226e+01
1.998216e+01
1.977601e+01
1.957416e+01
1.937698e+01
1.918483e+01
1.899806e+01
1.881700e+01
1.864197e+01
1.847329e+01
1.831125e+01
1.815615e+01
1.800827e+01
1.786785e+01
1.773515e+01
1.761039e+01
1.749380e+01
1.738557e+01
1.728589e+01
1.719493e+01
1.711283e+01
1.703973e+01
1.697575e+01
1.692099e+01
1.687553e+01
1.683942e+01
1.681273e+01
1.679547e+01
1.678766e+01
1.678928e+01
1.680031e+01
1.682071e+01
1.685041e+01
1.688933e+01
1.693738e+01
1.699443e+01
1.706037e+01
1.713502e+01
1.721824e+01
1.730983e+01
1.740960e+01
1.751733e+01
1.763280e+01
1.775575e+01
1.788593e+01
1.802306e+01
1.816686e+01
1.831703e+01
1.847326e+01
1.863522e+01
1.880258e+01
1.897500e+01
1.915212e+01
1.933357e+01
1.951899e+01
1.970799e+01
1.990020e+01
2.009521e+01
2.029263e+01
2.049206e+01
2.069308e+01
2.089530e+01
2.109829e+01
2.130165e+01
2.150496e+01
2.170780e+01
2.190976e+01
2.211044e+01
2.230941e+01
2.250627e+01
2.270063e+01
2.289207e+01
2.308022e+01
2.326468e+01
2.344507e+01
2.362102e+01
2.379218e+01
2.395817e+01
2.411867e+01
2.427333e+01
2.442184e+01
2.456387e+01
2.469914e+01
2.482735e+01
2.494823e+01
2.506153e+01
2.516699e+01
2.526439e+01
2.535352e+01
2.543416e+01
2.550615e+01
2.556932e+01
2.562351e+01
2.566859e+01
2.570444e+01
2.573098e+01
2.574811e+01
2.575578e+01
2.575394e+01
2.574256e+01
2.572164e+01
2.569119e+01
2.565123e+01
2.560181e+01
2.554299e+01
2.547486e+01
2.539752e+01
2.531107e+01
2.521567e+01
2.511145e+01
2.499858e+01
2.487725e+01
2.474767e+01
2.461004e+01
2.446460e+01
2.431159e+01
2.415127e+01
2.398393e+01
2.380984e+01
2.362931e+01
2.344265e+01
2.325018e+01
2.305225e+01
2.284919e+01
2.264136e+01
2.242914e+01
2.221288e+01
2.199297e+01
2.176980e+01
2.154377e+01
2.131527e+01
2.108470e+01
2.085248e+01
2.061901e+01
2.038471e+01
2.015000e+01
1.991529e+01
1.968099e+01
1.944752e+01
1.921530e+01
1.898473e+01
1.875623e+01
1.853020e+01
1.830703e+01
1.808712e+01
1.787086e+01
1.765864e+01
1.745081e+01
1.724775e+01
1.704982e+01
1.685735e+01
1.667069e+01
1.649016e+01
1.631607e+01
1.614873e+01
1.598841e+01
1.583540e+01
1.568996e+01
1.555233e+01
1.542275e+01
1.530142e+01
1.518855e+01
1.508433e+01
1.498893e+01
1.490248e+01
1.482514e+01
1.475701e+01
1.469819e+01
1.464877e+01
1.460881e+01
1.457836e+01
1.455744e+01
1.454606e+01
1.454422e+01
1.455189e+01
1.456902e+01
1.459556e+01
1.463141e+01
1.467649e+01
1.473068e+01
1.479385e+01
1.486584e+01
1.494648e+01
1.503561e+01
1.513301e+01
1.523847e+01
1.535177e+01
1.547265e+01
1.560086e+01
1.573613e+01
1.587816e+01
1.602667e+01
1.618133e+01
1.634183e+01
1.650782e+01
1.667898e+01
1.685493e+01
1.703532e+01
1.721978e+01
1.740793e+01
1.759937e+01
1.779373e+01
1.799059e+01
1.818956e+01
1.839024e+01
1.859220e+01
1.879504e+01
1.899835e+01
1.920171e+01
1.940470e+01
1.960692e+01
1.980794e+01
2.000737e+01
2.020479e+01
2.039980e+01
2.059201e+01
2.078101e+01
2.096643e+01
2.114788e+01
2.132500e+01
2.149742e+01
2.166478e+01
2.182674e+01
2.198297e+01
2.213314e+01
2.227694e+01
2.241407e+01
2.254425e+01
2.266720e+01
2.278267e+01
2.289040e+01
2.299017e+01
2.308176e+01
2.316498e+01
2.323963e+01
2.330557e+01
2.336262e+01
2.341067e+01
2.344959e+01
2.347929e+01
2.349969e+01
2.351072e+01
2.351234e+01
2.350453e+01
2.348727e+01
2.346058e+01
2.342447e+01
2.337901e+01
2.332425e+01
2.326027e+01
2.318717e+01
2.310507e+01
2.301411e+01
2.291443e+01
2.280620e+01
2.268961e+01
2.256485e+01
2.243215e+01
2.229173e+01
2.214385e+01
2.198875e+01
2.182671e+01
2.165803e+01
2.148300e+01
2.130194e+01
2.111517e+01
2.092302e+01
2.072584e+01
2.052399e+01
2.031784e+01
2.010774e+01
1.989409e+01
1.967727e+01
1.945768e+01
1.923571e+01
1.901177e+01
1.878627e+01
1.855962e+01
1.833222e+01
1.810451e+01
1.787688e+01
1.764976e+01
1.742356e+01
1.719869e+01
1.697558e+01
1.675461e+01
1.653620e+01
1.632075e+01
1.610865e+01
1.590029e+01
1.569604e+01
1.549628e+01
1.530138e+01
1.511169e+01
1.492756e+01
1.474932e+01
1.457729e+01
1.441179e+01
1.425312e+01
1.410157e+01
1.395741e+01
1.382090e+01
1.369228e+01
1.357180e+01
1.345965e+01
1.335605e+01
1.326118e+01
1.317521e+01
1.309828e+01
1.303052e+01
1.297207e+01
1.292301e+01
1.288343e+01
1.285339e+01
1.283294e+01
1.282209e+01
1.282087e+01
1.282927e+01
1.284725e+01
1.287478e+01
1.291178e+01
1.295818e+01
1.301389e+01
1.307877e+01
1.315271e+01
1.323555e+01
1.332713e+01
1.342725e+01
1.353573e+01
1.365234e+01
1.377686e+01
1.390903e+01
1.404861e+01
1.419532e+01
1.434886e+01
1.450895e+01
1.467526e+01
1.484748e+01
1.502527e+01
1.520828e+01
1.539617e+01
1.558856e+01
1.578508e+01
1.598536e+01
1.618901e+01
1.639563e+01
1.660482e+01
1.681619e+01
1.702933e+01
1.724382e+01
1.745925e+01
1.767522e+01
1.789129e+01
1.810707e+01
1.832213e+01
1.853606e+01
1.874845e+01
1.895890e+01
1.916699e+01
1.937234e+01
1.957455e+01
1.977324e+01
1.996801e+01
2.015851e+01
2.034436e+01
2.052521e+01
2.070072e+01
2.087055e+01
2.103438e+01
2.119190e+01
2.134280e+01
2.148680e+01
2.162362e+01
2.175301e+01
2.187472e+01
2.198852e+01
2.209419e+01
2.219153e+01
2.228037e+01
2.236053e+01
2.243186e+01
2.249423e+01
2.254752e+01
2.259164e+01
2.262650e+01
2.265204e+01
2.266822e+01
2.267500e+01
2.267238e+01
2.266037e+01
2.263900e+01
2.260830e+01
2.256835e+01
2.251923e+01
2.246102e+01
2.239386e+01
2.231787e+01
2.223320e+01
2.214002e+01
2.203852e+01
2.192888e+01
2.181134e+01
2.168612e+01
2.155346e+01
2.141363e+01
2.126690e+01
2.111355e+01
2.095389e+01
2.078822e+01
2.061688e+01
2.044019e+01
2.025851e+01
2.007218e+01
1.988157e+01
1.968705e+01
1.948901e+01
1.928783e+01
1.908390e+01
1.887762e+01
1.866939e+01
1.845963e+01
1.824873e+01
1.803713e+01
1.782522e+01
1.761342e+01
1.740215e+01
1.719183e+01
1.698286e+01
1.677566e+01
1.657063e+01
1.636817e+01
1.616869e+01
1.597258e+01
1.578022e+01
1.559200e+01
1.540828e+01
1.522943e+01
1.505581e+01
1.488776e+01
1.472561e+01
1.456969e+01
1.442032e+01
1.427778e+01
1.414237e+01
1.401436e+01
1.389401e+01
1.378156e+01
1.367725e+01
1.358129e+01
1.349389e+01
1.341521e+01
1.334544e+01
1.328472e+01
1.323318e+01
1.319095e+01
1.315811e+01
1.313475e+01
1.312094e+01
1.311671e+01
1.312209e+01
1.313710e+01
1.316172e+01
1.319593e+01
1.323968e+01
1.329290e+01
1.335552e+01
1.342744e+01
1.350854e+01
1.359868e+01
1.369772e+01
1.380549e+01
1.392180e+01
1.404645e+01
1.417923e+01
1.431991e+01
1.446824e+01
1.462396e+01
1.478679e+01
1.495646e+01
1.513265e+01
1.531506e+01
1.550336e+01
1.569722e+01
1.589628e+01
1.610021e+01
1.630862e+01
1.652115e+01
1.673742e+01
1.695704e+01
1.717961e+01
1.740474e+01
1.763203e+01
1.786106e+01
1.809142e+01
1.832271e+01
1.855451e+01
1.878639e+01
1.901795e+01
1.924877e+01
1.947844e+01
1.970655e+01
1.993268e+01
2.015644e+01
2.037742e+01
2.059524e+01
2.080950e+01
2.101983e+01
2.122584e+01
2.142719e+01
2.162350e+01
2.181444e+01
2.199967e+01
2.217887e+01
2.235171e+01
2.251791e+01
2.267718e+01
2.282923e+01
2.297382e+01
2.311069e+01
2.323961e+01
2.336037e+01
2.347276e+01
2.357661e+01
2.367174e+01
2.375800e+01
2.383527e+01
2.390341e+01
2.396234e+01
2.401197e+01
2.405224e+01
2.408310e+01
2.410453e+01
2.411651e+01
2.411906e+01
2.411219e+01
2.409596e+01
2.407042e+01
2.403567e+01
2.399179e+01
2.393890e+01
2.387713e+01
2.380664e+01
2.372759e+01
2.364017e+01
2.354456e+01
2.344100e+01
2.332970e+01
2.321092e+01
2.308490e+01
2.295194e+01
2.281230e+01
2.266630e+01
2.251424e+01
2.235644e+01
2.219325e+01
2.202500e+01
2.185205e+01
2.167476e+01
2.149351e+01
2.130867e+01
2.112063e+01
2.092979e+01
2.073654e+01
2.054128e+01
2.034442e+01
2.014637e+01
1.994754e+01
1.974835e+01
1.954921e+01
1.935053e+01
1.915274e+01
1.895623e+01
1.876143e+01
1.856873e+01
1.837854e+01
1.819126e+01
1.800728e+01
1.782699e+01
1.765076e+01
1.747898e+01
1.731199e+01
1.715016e+01
1.699383e+01
1.684333e+01
1.669900e+01
1.656113e+01
1.643003e+01
1.630598e+01
1.618927e+01
1.608014e+01
1.597884e+01
1.588561e+01
1.580065e+01
1.572417e+01
1.565635e+01
1.559735e+01
1.554733e+01
1.550641e+01
1.547472e+01
1.545236e+01
1.543939e+01
1.543589e+01
1.544189e+01
1.545744e+01
1.548252e+01
1.551714e+01
1.556127e+01
1.561486e+01
1.567784e+01
1.575014e+01
1.583165e+01
1.592226e+01
1.602183e+01
1.613022e+01
1.624725e+01
1.637275e+01
1.650650e+01
1.664830e+01
1.679790e+01
1.695508e+01
1.711956e+01
1.729107e+01
1.746933e+01
1.765403e+01
1.784485e+01
1.804148e+01
1.824359e+01
1.845081e+01
1.866280e+01
1.887920e+01
1.909962e+01
1.932369e+01
1.955103e+01
1.978123e+01
2.001390e+01
2.024863e+01
2.048502e+01
2.072266e+01
2.096112e+01
2.120000e+01
2.143888e+01
2.167734e+01
2.191498e+01
2.215137e+01
2.238610e+01
2.261877e+01
2.284897e+01
2.307631e+01
2.330038e+01
2.352080e+01
2.373720e+01
2.394919e+01
2.415641e+01
2.435852e+01
2.455515e+01
2.474597e+01
2.493067e+01
2.510893e+01
2.528044e+01
2.544492e+01
2.560210e+01
2.575170e+01
2.589350e+01
2.602725e+01
2.615275e+01
2.626978e+01
2.637817e+01
2.647774e+01
2.656835e+01
2.664986e+01
2.672216e+01
2.678514e+01
2.683873e+01
2.688286e+01
2.691748e+01
2.694256e+01
2.695811e+01
2.696411e+01
2.696061e+01
2.694764e+01
2.692528e+01
2.689359e+01
2.685267e+01
2.680265e+01
2.674365e+01
2.667583e+01
2.659935e+01
2.651439e+01
2.642116e+01
2.631986e+01
2.621073e+01
2.609402e+01
2.596997e+01
2.583887e+01
2.570100e+01
2.555667e+01
2.540617e+01
2.524984e+01
2.508801e+01
2.492102e+01
2.474924e+01
2.457301e+01
2.439272e+01
2.420874e+01
2.402146e+01
2.383127e+01
2.363857e+01
2.344377e+01
2.324726e+01
2.304947e+01
2.285079e+01
2.265165e+01
2.245246e+01
2.225363e+01
2.205558e+01
2.185872e+01
2.166346e+01
2.147021e+01
2.127937e+01
2.109133e+01
2.090649e+01
2.072524e+01
2.054795e+01
2.037500e+01
2.020675e+01
2.004356e+01
1.988576e+01
1.973370e+01
1.958770e+01
1.944806e+01
1.931510e+01
1.918908e+01
1.907030e+01
1.895900e+01
1.885544e+01
1.875983e+01
1.867241e+01
1.859336e+01
1.852287e+01
1.846110e+01
1.840821e+01
1.836433e+01
1.832958e+01
1.830404e+01
1.828781e+01
1.828094e+01
1.828349e+01
1.829547e+01
1.831690e+01
1.834776e+01
1.838803e+01
1.843766e+01
1.849659e+01
1.856473e+01
1.864200e+01
1.872826e+01
1.882339e+01
1.892724e+01
1.903963e+01
1.916039e+01
1.928931e+01
1.942618e+01
1.957077e+01
1.972282e+01
1.988209e+01
2.004829e+01
2.022113e+01
2.040033e+01
2.058556e+01
2.077650e+01
2.097281e+01
2.117416e+01
2.138017e+01
2.159050e+01
2.180476e+01
2.202258e+01
2.224356e+01
2.246732e+01
2.269345e+01
2.292156e+01
2.315123e+01
2.338205e+01
2.361361e+01
2.384549e+01
2.407729e+01
2.430858e+01
2.453894e+01
2.476797e+01
2.499526e+01
2.522039e+01
2.544296e+01
2.566258e+01
2.587885e+01
2.609138e+01
2.629979e+01
2.650372e+01
2.670278e+01
2.689664e+01
2.708494e+01
2.726735e+01
2.744354e+01
2.761321e+01
2.777604e+01
2.793176e+01
2.808009e+01
2.822077e+01
2.835355e+01
2.847820e+01
2.859451e+01
2.870228e+01
2.880132e+01
2.889146e+01
2.897256e+01
2.904448e+01
2.910710e+01
2.916032e+01
2.920407e+01
2.923828e+01
2.926290e+01
2.927791e+01
2.928329e+01
2.927906e+01
2.926525e+01
2.924189e+01
2.920905e+01
2.916682e+01
2.911528e+01
2.905456e+01
2.898479e+01
2.890611e+01
2.881871e+01
2.872275e+01
2.861844e+01
2.850599e+01
2.838564e+01
2.825763e+01
2.812222e+01
2.797968e+01
2.783031e+01
2.767439e+01
2.751224e+01
2.734419e+01
2.717057e+01
2.699172e+01
2.680800e+01
2.661978e+01
2.642742e+01
2.623131e+01
2.603183e+01
2.582937e+01
2.562434e+01
2.541714e+01
2.520817e+01
2.499785e+01
2.478658e+01
2.457478e+01
2.436287e+01
2.415127e+01
2.394037e+01
2.373061e+01
2.352238e+01
2.331610e+01
2.311217e+01
2.291099e+01
2.271295e+01
2.251843e+01
2.232782e+01
2.214149e+01
2.195981e+01
2.178312e+01
2.161178e+01
2.144611e+01
2.128645e+01
2.113310e+01
2.098637e+01
2.084654e+01
2.071388e+01
2.058866e+01
2.047112e+01
2.036148e+01
2.025998e+01
2.016680e+01
2.008213e+01
2.000614e+01
1.993898e+01
1.988077e+01
1.983165e+01
1.979170e+01
1.976100e+01
1.973963e+01
1.972762e+01
1.972500e+01
1.973178e+01
1.974796e+01
1.977350e+01
1.980836e+01
1.985248e+01
1.990577e+01
1.996814e+01
2.003947e+01
2.011963e+01
2.020847e+01
2.030581e+01
2.041148e+01
2.052528e+01
2.064699e+01
2.077638e+01
2.091320e+01
2.105720e+01
2.120810e+01
2.136562e+01
2.152945e+01
2.169928e+01
2.187479e+01
2.205564e+01
2.224149e+01
2.243199e+01
2.262676e+01
2.282545e+01
2.302766e+01
2.323301e+01
2.344110e+01
2.365155e+01
2.386394e+01
2.407787e+01
2.429293e+01
2.450871e+01
2.472478e+01
2.494075e+01
2.515618e+01
2.537067e+01
2.558381e+01
2.579518e+01
2.600437e+01
2.621099e+01
2.641464e+01
2.661492e+01
2.681144e+01
2.700383e+01
2.719172e+01
2.737473e+01
2.755252e+01
2.772474e+01
2.789105e+01
2.805114e+01
2.820468e+01
2.835139e+01
2.849097e+01
2.862314e+01
2.874766e+01
2.886427e+01
2.897275e+01
2.907287e+01
2.916445e+01
2.924729e+01
2.932123e+01
2.938611e+01
2.944182e+01
2.948822e+01
2.952522e+01
2.955275e+01
2.957073e+01
2.957913e+01
2.957791e+01
2.956706e+01
2.954661e+01
2.951657e+01
2.947699e+01
2.942793e+01
2.936948e+01
2.930172e+01
2.922479e+01
2.913882e+01
2.904395e+01
2.894035e+01
2.882820e+01
2.870772e+01
2.857910e+01
2.844259e+01
2.829843e+01
2.814688e+01
2.798821e+01
2.782271e+01
2.765068e+01
2.747244e+01
2.728831e+01
2.709862e+01
2.690372e+01
2.670396e+01
2.649971e+01
2.629135e+01
2.607925e+01
2.586380e+01
2.564539e+01
2.542442e+01
2.520131e+01
2.497644e+01
2.475024e+01
2.452312e+01
2.429549e+01
2.406778e+01
2.384038e+01
2.361373e+01
2.338823e+01
2.316429e+01
2.294232e+01
2.272273e+01
2.250591e+01
2.229226e+01
2.208216e+01
2.187601e+01
2.167416e+01
2.147698e+01
2.128483e+01
2.109806e+01
2.091700e+01
2.074197e+01
2.057329e+01
2.041125e+01
2.025615e+01
2.010827e+01
1.996785e+01
1.983515e+01
1.971039e+01
1.959380e+01
1.948557e+01
1.938589e+01
1.929493e+01
1.921283e+01
1.913973e+01
1.907575e+01
1.902099e+01
1.897553e+01
1.893942e+01
1.891273e+01
1.889547e+01
1.888766e+01
1.888928e+01
1.890031e+01
1.892071e+01
1.895041e+01
1.898933e+01
1.903738e+01
1.909443e+01
1.916037e+01
1.923502e+01
1.931824e+01
1.940983e+01
1.950960e+01
1.961733e+01
1.973280e+01
1.985575e+01
1.998593e+01
2.012306e+01
2.026686e+01
2.041703e+01
2.057326e+01
2.073522e+01
2.090258e+01
2.107500e+01
2.125212e+01
2.143357e+01
2.161899e+01
2.180799e+01
2.200020e+01
2.219521e+01
2.239263e+01
2.259206e+01
2.279308e+01
2.299530e+01
2.319829e+01
2.340165e+01
2.360496e+01
2.380780e+01
2.400976e+01
2.421044e+01
2.440941e+01
2.460627e+01
2.480063e+01
2.499207e+01
2.518022e+01
2.536468e+01
2.554507e+01
2.572102e+01
2.589218e+01
2.605817e+01
2.621867e+01
2.637333e+01
2.652184e+01
2.666387e+01
2.679914e+01
2.692735e+01
2.704823e+01
2.716153e+01
2.726699e+01
2.736439e+01
2.745352e+01
2.753416e+01
2.760615e+01
2.766932e+01
2.772351e+01
2.776859e+01
2.780444e+01
2.783098e+01
2.784811e+01
2.785578e+01
2.785394e+01
2.784256e+01
2.782164e+01
2.779119e+01
2.775123e+01
2.770181e+01
2.764299e+01
2.757486e+01
2.749752e+01
2.741107e+01
2.731567e+01
2.721145e+01
2.709858e+01
2.697725e+01
2.684767e+01
2.671004e+01
2.656460e+01
2.641159e+01
2.625127e+01
2.608393e+01
2.590984e+01
2.572931e+01
2.554265e+01
2.535018e+01
2.515225e+01
2.494919e+01
2.474136e+01
2.452914e+01
2.431288e+01
2.409297e+01
2.386980e+01
2.364377e+01
2.341527e+01
2.318470e+01
2.295248e+01
2.271901e+01
2.248471e+01
2.225000e+01
2.201529e+01
2.178099e+01
2.154752e+01
2.131530e+01
2.108473e+01
2.085623e+01
2.063020e+01
2.040703e+01
2.018712e+01
1.997086e+01
1.975864e+01
1.955081e+01
1.934775e+01
1.914982e+01
1.895735e+01
1.877069e+01
1.859016e+01
1.841607e+01
1.824873e+01
1.808841e+01
1.793540e+01
1.778996e+01
1.765233e+01
1.752275e+01
1.740142e+01
1.728855e+01
1.718433e+01
1.708893e+01
1.700248e+01
1.692514e+01
1.685701e+01
1.679819e+01
1.674877e+01
1.670881e+01
1.667836e+01
1.665744e+01
1.664606e+01
1.664422e+01
1.665189e+01
1.666902e+01
1.669556e+01
1.673141e+01
1.677649e+01
1.683068e+01
1.689385e+01
1.696584e+01
1.704648e+01
1.713561e+01
1.723301e+01
1.733847e+01
1.745177e+01
1.757265e+01
1.770086e+01
1.783613e+01
1.797816e+01
1.812667e+01
1.828133e+01
1.844183e+01
1.860782e+01
1.877898e+01
1.895493e+01
1.913532e+01
1.931978e+01
1.950793e+01
1.969937e+01
1.989373e+01
2.009059e+01
2.028956e+01
2.049024e+01
2.069220e+01
2.089504e+01
2.109835e+01
2.130171e+01
2.150470e+01
2.170692e+01
2.190794e+01
2.210737e+01
2.230479e+01
2.249980e+01
2.269201e+01
2.288101e+01
2.306643e+01
2.324788e+01
2.342500e+01
2.359742e+01
2.376478e+01
2.392674e+01
2.408297e+01
2.423314e+01
2.437694e+01
2.451407e+01
2.464425e+01
2.476720e+01
2.488267e+01
2.499040e+01
2.509017e+01
2.518176e+01
2.526498e+01
2.533963e+01
2.540557e+01
2.546262e+01
2.551067e+01
2.554959e+01
2.557929e+01
2.559969e+01
2.561072e+01
2.561234e+01
2.560453e+01
2.558727e+01
2.556058e+01
2.552447e+01
2.547901e+01
2.542425e+01
2.536027e+01
2.528717e+01
2.520507e+01
2.511411e+01
2.501443e+01
2.490620e+01
2.478961e+01
2.466485e+01
2.453215e+01
2.439173e+01
2.424385e+01
2.408875e+01
2.392671e+01
2.375803e+01
2.358300e+01
2.340194e+01
2.321517e+01
2.302302e+01
2.282584e+01
2.262399e+01
2.241784e+01
2.220774e+01
2.199409e+01
2.177727e+01
2.155768e+01
2.133571e+01
2.111177e+01
2.088627e+01
2.065962e+01
2.043222e+01
2.020451e+01
1.997688e+01
1.974976e+01
1.952356e+01
1.929869e+01
1.907558e+01
1.885461e+01
1.863620e+01
1.842075e+01
1.820865e+01
1.800029e+01
1.779604e+01
1.759628e+01
1.740138e+01
1.721169e+01
1.702756e+01
1.684932e+01
1.667729e+01
1.651179e+01
1.635312e+01
1.620157e+01
1.605741e+01
1.592090e+01
1.579228e+01
1.567180e+01
1.555965e+01
1.545605e+01
1.536118e+01
1.527521e+01
1.519828e+01
1.513052e+01
1.507207e+01
1.502301e+01
1.498343e+01
1.495339e+01
1.493294e+01
1.492209e+01
1.492087e+01
1.492927e+01
1.494725e+01
1.497478e+01
1.501178e+01
1.505818e+01
1.511389e+01
1.517877e+01
1.525271e+01
1.533555e+01
1.542713e+01
1.552725e+01
1.563573e+01
1.575234e+01
1.587686e+01
1.600903e+01
1.614861e+01
1.629532e+01
1.644886e+01
1.660895e+01
1.677526e+01
1.694748e+01
1.712527e+01
1.730828e+01
1.749617e+01
1.768856e+01
1.788508e+01
1.808536e+01
1.828901e+01
1.849563e+01
1.870482e+01
1.891619e+01
1.912933e+01
1.934382e+01
1.955925e+01
1.977522e+01
1.999129e+01
2.020707e+01
2.042213e+01
2.063606e+01
2.084845e+01
2.105890e+01
2.126699e+01
2.147234e+01
2.167455e+01
2.187324e+01
2.206801e+01
2.225851e+01
2.244436e+01
2.262521e+01
2.280072e+01
2.297055e+01
2.313438e+01
2.329190e+01
2.344280e+01
2.358680e+01
2.372362e+01
2.385301e+01
2.397472e+01
2.408852e+01
2.419419e+01
2.429153e+01
2.438037e+01
2.446053e+01
2.453186e+01
2.459423e+01
2.464752e+01
2.469164e+01
2.472650e+01
2.475204e+01
2.476822e+01
2.477500e+01
2.477238e+01
2.476037e+01
2.473900e+01
2.470830e+01
2.466835e+01
2.461923e+01
2.456102e+01
2.449386e+01
2.441787e+01
2.433320e+01
2.424002e+01
2.413852e+01
2.402888e+01
2.391134e+01
2.378612e+01
2.365346e+01
2.351363e+01
2.336690e+01
2.321355e+01
2.305389e+01
2.288822e+01
2.271688e+01
2.254019e+01
2.235851e+01
2.217218e+01
2.198157e+01
2.178705e+01
2.158901e+01
2.138783e+01
2.118390e+01
2.097762e+01
2.076939e+01
2.055963e+01
2.034873e+01
2.013713e+01
1.992522e+01
1.971342e+01
1.950215e+01
1.929183e+01
1.908286e+01
1.887566e+01
1.867063e+01
1.846817e+01
1.826869e+01
1.807258e+01
1.788022e+01
1.769200e+01
1.750828e+01
1.732943e+01
1.715581e+01
1.698776e+01
1.682561e+01
1.666969e+01
1.652032e+01
1.637778e+01
1.624237e+01
1.611436e+01
1.599401e+01
1.588156e+01
1.577725e+01
1.568129e+01
1.559389e+01
1.551521e+01
1.544544e+01
1.538472e+01
1.533318e+01
1.529095e+01
1.525811e+01
1.523475e+01
1.522094e+01
1.521671e+01
1.522209e+01
1.523710e+01
1.526172e+01
1.529593e+01
1.533968e+01
1.539290e+01
1.545552e+01
1.552744e+01
1.560854e+01
1.569868e+01
1.579772e+01
1.590549e+01
1.602180e+01
1.614645e+01
1.627923e+01
1.641991e+01
1.656824e+01
1.672396e+01
1.688679e+01
1.705646e+01
1.723265e+01
1.741506e+01
1.760336e+01
1.779722e+01
1.799628e+01
1.820021e+01
1.840862e+01
1.862115e+01
1.883742e+01
1.905704e+01
1.927961e+01
1.950474e+01
1.973203e+01
1.996106e+01
2.019142e+01
2.042271e+01
2.065451e+01
2.088639e+01
2.111795e+01
2.134877e+01
2.157844e+01
2.180655e+01
2.203268e+01
2.225644e+01
2.247742e+01
2.269524e+01
2.290950e+01
2.311983e+01
2.332584e+01
2.352719e+01
2.372350e+01
2.391444e+01
2.409967e+01
2.427887e+01
2.445171e+01
2.461791e+01
2.477718e+01
2.492923e+01
2.507382e+01
2.521069e+01
2.533961e+01
2.546037e+01
2.557276e+01
2.567661e+01
2.577174e+01
2.585800e+01
2.593527e+01
2.600341e+01
2.606234e+01
2.611197e+01
2.615224e+01
2.618310e+01
2.620453e+01
2.621651e+01
2.621906e+01
2.621219e+01
2.619596e+01
2.617042e+01
2.613567e+01
2.609179e+01
2.603890e+01
2.597713e+01
2.590664e+01
2.582759e+01
2.574017e+01
2.564456e+01
2.554100e+01
2.542970e+01
2.531092e+01
2.518490e+01
2.505194e+01
2.491230e+01
2.476630e+01
2.461424e+01
2.445644e+01
2.429325e+01
2.412500e+01
2.395205e+01
2.377476e+01
2.359351e+01
2.340867e+01
2.322063e+01
2.302979e+01
2.283654e+01
2.264128e+01
2.244442e+01
2.224637e+01
2.204754e+01
2.184835e+01
2.164921e+01
2.145053e+01
2.125274e+01
2.105623e+01
2.086143e+01
2.066873e+01
2.047854e+01
2.029126e+01
2.010728e+01
1.992699e+01
1.975076e+01
1.957898e+01
1.941199e+01
1.925016e+01
1.909383e+01
1.894333e+01
1.879900e+01
1.866113e+01
1.853003e+01
1.840598e+01
1.828927e+01
1.818014e+01
1.807884e+01
1.798561e+01
1.790065e+01
1.782417e+01
1.775635e+01
1.769735e+01
1.764733e+01
1.760641e+01
1.757472e+01
1.755236e+01
1.753939e+01
1.753589e+01
1.754189e+01
1.755744e+01
1.758252e+01
1.761714e+01
1.766127e+01
1.771486e+01
1.777784e+01
1.785014e+01
1.793165e+01
1.802226e+01
1.812183e+01
1.823022e+01
1.834725e+01
1.847275e+01
1.860650e+01
1.874830e+01
1.889790e+01
1.905508e+01
1.921956e+01
1.939107e+01
1.956933e+01
1.975403e+01
1.994485e+01
2.014148e+01
2.034359e+01
2.055081e+01
2.076280e+01
2.097920e+01
2.119962e+01
2.142369e+01
2.165103e+01
2.188123e+01
2.211390e+01
2.234863e+01
2.258502e+01
2.282266e+01
2.306112e+01
2.330000e+01
2.353888e+01
2.377734e+01
2.401498e+01
2.425137e+01
2.448610e+01
2.471877e+01
2.494897e+01
2.517631e+01
2.540038e+01
2.562080e+01
2.583720e+01
2.604919e+01
2.625641e+01
2.645852e+01
2.665515e+01
2.684597e+01
2.703067e+01
2.720893e+01
2.738044e+01
2.754492e+01
2.770210e+01
2.785170e+01
2.799350e+01
2.812725e+01
2.825275e+01
2.836978e+01
2.847817e+01
2.857774e+01
2.866835e+01
2.874986e+01
2.882216e+01
2.888514e+01
2.893873e+01
2.898286e+01
2.901748e+01
2.904256e+01
2.905811e+01
2.906411e+01
2.906061e+01
2.904764e+01
2.902528e+01
2.899359e+01
2.895267e+01
2.890265e+01
2.884365e+01
2.877583e+01
2.869935e+01
2.861439e+01
2.852116e+01
2.841986e+01
2.831073e+01
2.819402e+01
2.806997e+01
2.793887e+01
2.780100e+01
2.765667e+01
2.750617e+01
2.734984e+01
2.718801e+01
2.702102e+01
2.684924e+01
2.667301e+01
2.649272e+01
2.630874e+01
2.612146e+01
2.593127e+01
2.573857e+01
2.554377e+01
2.534726e+01
2.514947e+01
2.495079e+01
2.475165e+01
2.455246e+01
2.435363e+01
2.415558e+01
2.395872e+01
2.376346e+01
2.357021e+01
2.337937e+01
2.319133e+01
2.300649e+01
2.282524e+01
2.264795e+01
2.247500e+01
2.230675e+01
2.214356e+01
2.198576e+01
2.183370e+01
2.168770e+01
2.154806e+01
2.141510e+01
2.128908e+01
2.117030e+01
2.105900e+01
2.095544e+01
2.085983e+01
2.077241e+01
2.069336e+01
2.062287e+01
2.056110e+01
2.050821e+01
2.046433e+01
2.042958e+01
2.040404e+01
2.038781e+01
2.038094e+01
2.038349e+01
2.039547e+01
2.041690e+01
2.044776e+01
2.048803e+01
2.053766e+01
2.059659e+01
2.066473e+01
2.074200e+01
2.082826e+01
2.092339e+01
2.102724e+01
2.113963e+01
2.126039e+01
2.138931e+01
2.152618e+01
2.167077e+01
2.182282e+01
2.198209e+01
2.214829e+01
2.232113e+01
2.250033e+01
2.268556e+01
2.287650e+01
2.307281e+01
2.327416e+01
2.348017e+01
2.369050e+01
2.390476e+01
2.412258e+01
2.434356e+01
2.456732e+01
2.479345e+01
2.502156e+01
2.525123e+01
2.548205e+01
2.571361e+01
2.594549e+01
2.617729e+01
2.640858e+01
2.663894e+01
2.686797e+01
2.709526e+01
2.732039e+01
2.754296e+01
2.776258e+01
2.797885e+01
2.819138e+01
2.839979e+01
2.860372e+01
2.880278e+01
2.899664e+01
2.918494e+01
2.936735e+01
2.954354e+01
2.971321e+01
2.987604e+01
3.003176e+01
3.018009e+01
3.032077e+01
3.045355e+01
3.057820e+01
3.069451e+01
3.080228e+01
3.090132e+01
3.099146e+01
3.107256e+01
3.114448e+01
3.120710e+01
3.126032e+01
3.130407e+01
3.133828e+01
3.136290e+01
3.137791e+01
3.138329e+01
3.137906e+01
3.136525e+01
3.134189e+01
3.130905e+01
3.126682e+01
3.121528e+01
3.115456e+01
3.108479e+01
3.100611e+01
3.091871e+01
3.082275e+01
3.071844e+01
3.060599e+01
3.048564e+01
3.035763e+01
3.022222e+01
3.007968e+01
2.993031e+01
2.977439e+01
2.961224e+01
2.944419e+01
2.927057e+01
2.909172e+01
2.890800e+01
2.871978e+01
2.852742e+01
2.833131e+01
2.813183e+01
2.792937e+01
2.772434e+01
2.751714e+01
2.730817e+01
2.709785e+01
2.688658e+01
2.667478e+01
2.646287e+01
2.625127e+01
2.604037e+01
2.583061e+01
2.562238e+01
2.541610e+01
2.521217e+01
2.501099e+01
2.481295e+01
2.461843e+01
2.442782e+01
2.424149e+01
2.405981e+01
2.388312e+01
2.371178e+01
2.354611e+01
2.338645e+01
2.323310e+01
2.308637e+01
2.294654e+01
2.281388e+01
2.268866e+01
2.257112e+01
2.246148e+01
2.235998e+01
2.226680e+01
2.218213e+01
2.210614e+01
2.203898e+01
2.198077e+01
2.193165e+01
2.189170e+01
2.186100e+01
2.183963e+01
2.182762e+01
2.182500e+01
2.183178e+01
2.184796e+01
2.187350e+01
2.190836e+01
2.195248e+01
2.200577e+01
2.206814e+01
2.213947e+01
2.221963e+01
2.230847e+01
2.240581e+01
2.251148e+01
2.262528e+01
2.274699e+01
2.287638e+01
2.301320e+01
2.315720e+01
2.330810e+01
2.346562e+01
2.362945e+01
2.379928e+01
2.397479e+01
2.415564e+01
2.434149e+01
2.453199e+01
2.472676e+01
2.492545e+01
2.512766e+01
2.533301e+01
2.554110e+01
2.575155e+01
2.596394e+01
2.617787e+01
2.639293e+01
2.660871e+01
2.682478e+01
2.704075e+01
2.725618e+01
2.747067e+01
2.768381e+01
2.789518e+01
2.810437e+01
2.831099e+01
2.851464e+01
2.871492e+01
2.891144e+01
2.910383e+01
2.929172e+01
2.947473e+01
2.965252e+01
2.982474e+01
2.999105e+01
3.015114e+01
3.030468e+01
3.045139e+01
3.059097e+01
3.072314e+01
3.084766e+01
3.096427e+01
3.107275e+01
3.117287e+01
3.126445e+01
3.134729e+01
3.142123e+01
3.148611e+01
3.154182e+01
3.158822e+01
3.162522e+01
3.165275e+01
3.167073e+01
3.167913e+01
3.167791e+01
3.166706e+01
3.164661e+01
3.161657e+01
3.157699e+01
3.152793e+01
3.146948e+01
3.140172e+01
3.132479e+01
3.123882e+01
3.114395e+01
3.104035e+01
3.092820e+01
3.080772e+01
3.067910e+01
3.054259e+01
3.039843e+01
3.024688e+01
3.008821e+01
2.992271e+01
2.975068e+01
2.957244e+01
2.938831e+01
2.919862e+01
2.900372e+01
2.880396e+01
2.859971e+01
2.839135e+01
2.817925e+01
2.796380e+01
2.774539e+01
2.752442e+01
2.730131e+01
2.707644e+01
2.685024e+01
2.662312e+01
2.639549e+01
2.616778e+01
2.594038e+01
2.571373e+01
2.548823e+01
2.526429e+01
2.504232e+01
2.482273e+01
2.460591e+01
2.439226e+01
2.418216e+01
2.397601e+01
2.377416e+01
2.357698e+01
2.338483e+01
2.319806e+01
2.301700e+01
2.284197e+01
2.267329e+01
2.251125e+01
2.235615e+01
2.220827e+01
2.206785e+01
2.193515e+01
2.181039e+01
2.169380e+01
2.158557e+01
2.148589e+01
2.139493e+01
2.131283e+01
2.123973e+01
2.117575e+01
2.112099e+01
2.107553e+01
2.103942e+01
2.101273e+01
2.099547e+01
2.098766e+01
2.098928e+01
2.100031e+01
2.102071e+01
2.105041e+01
2.108933e+01
2.113738e+01
2.119443e+01
2.126037e+01
2.133502e+01
2.141824e+01
2.150983e+01
2.160960e+01
2.171733e+01
2.183280e+01
2.195575e+01
2.208593e+01
2.222306e+01
2.236686e+01
2.251703e+01
2.267326e+01
2.283522e+01
2.300258e+01
2.317500e+01
2.335212e+01
2.353357e+01
2.371899e+01
2.390799e+01
2.410020e+01
2.429521e+01
2.449263e+01
2.469206e+01
2.489308e+01
2.509530e+01
2.529829e+01
2.550165e+01
2.570496e+01
2.590780e+01
2.610976e+01
2.631044e+01
2.650941e+01
2.670627e+01
2.690063e+01
2.709207e+01
2.728022e+01
2.746468e+01
2.764507e+01
2.782102e+01
2.799218e+01
2.815817e+01
2.831867e+01
2.847333e+01
2.862184e+01
2.876387e+01
2.889914e+01
2.902735e+01
2.914823e+01
2.926153e+01
2.936699e+01
2.946439e+01
2.955352e+01
2.963416e+01
2.970615e+01
2.976932e+01
2.982351e+01
2.986859e+01
2.990444e+01
2.993098e+01
2.994811e+01
2.995578e+01
2.995394e+01
2.994256e+01
2.992164e+01
2.989119e+01
2.985123e+01
2.980181e+01
2.974299e+01
2.967486e+01
2.959752e+01
2.951107e+01
2.941567e+01
2.931145e+01
2.919858e+01
2.907725e+01
2.894767e+01
2.881004e+01
2.866460e+01
2.851159e+01
2.835127e+01
2.818393e+01
2.800984e+01
2.782931e+01
2.764265e+01
2.745018e+01
2.725225e+01
2.704919e+01
2.684136e+01
2.662914e+01
2.641288e+01
2.619297e+01
2.596980e+01
2.574377e+01
2.551527e+01
2.528470e+01
2.505248e+01
2.481901e+01
2.458471e+01
2.435000e+01
2.411529e+01
2.388099e+01
2.364752e+01
2.341530e+01
2.318473e+01
2.295623e+01
2.273020e+01
2.250703e+01
2.228712e+01
2.207086e+01
2.185864e+01
2.165081e+01
2.144775e+01
2.124982e+01
2.105735e+01
2.087069e+01
2.069016e+01
2.051607e+01
2.034873e+01
2.018841e+01
2.003540e+01
1.988996e+01
1.975233e+01
1.962275e+01
1.950142e+01
1.938855e+01
1.928433e+01
1.918893e+01
1.910248e+01
1.902514e+01
1.895701e+01
1.889819e+01
1.884877e+01
1.880881e+01
1.877836e+01
1.875744e+01
1.874606e+01
1.874422e+01
1.875189e+01
1.876902e+01
1.879556e+01
1.883141e+01
1.887649e+01
1.893068e+01
1.899385e+01
1.906584e+01
1.914648e+01
1.923561e+01
1.933301e+01
1.943847e+01
1.955177e+01
1.967265e+01
1.980086e+01
1.993613e+01
2.007816e+01
2.022667e+01
2.038133e+01
2.054183e+01
2.070782e+01
2.087898e+01
2.105493e+01
2.123532e+01
2.141978e+01
2.160793e+01
2.179937e+01
2.199373e+01
2.219059e+01
2.238956e+01
2.259024e+01
2.279220e+01
2.299504e+01
2.319835e+01
2.340171e+01
2.360470e+01
2.380692e+01
2.400794e+01
2.420737e+01
2.440479e+01
2.459980e+01
2.479201e+01
2.498101e+01
2.516643e+01
2.534788e+01
2.552500e+01
2.569742e+01
2.586478e+01
2.602674e+01
2.618297e+01
2.633314e+01
2.647694e+01
2.661407e+01
2.674425e+01
2.686720e+01
2.698267e+01
2.709040e+01
2.719017e+01
2.728176e+01
2.736498e+01
2.743963e+01
2.750557e+01
2.756262e+01
2.761067e+01
2.764959e+01
2.767929e+01
2.769969e+01
2.771072e+01
2.771234e+01
2.770453e+01
2.768727e+01
2.766058e+01
2.762447e+01
2.757901e+01
2.752425e+01
2.746027e+01
2.738717e+01
2.730507e+01
2.721411e+01
2.711443e+01
2.700620e+01
2.688961e+01
2.676485e+01
2.663215e+01
2.649173e+01
2.634385e+01
2.618875e+01
2.602671e+01
2.585803e+01
2.568300e+01
2.550194e+01
2.531517e+01
2.512302e+01
2.492584e+01
2.472399e+01
2.451784e+01
2.430774e+01
2.409409e+01
2.387727e+01
2.365768e+01
2.343571e+01
2.321177e+01
2.298627e+01
2.275962e+01
2.253222e+01
2.230451e+01
2.207688e+01
2.184976e+01
2.162356e+01
2.139869e+01
2.117558e+01
2.095461e+01
2.073620e+01
2.052075e+01
2.030865e+01
2.010029e+01
1.989604e+01
1.969628e+01
1.950138e+01
1.931169e+01
1.912756e+01
1.894932e+01
1.877729e+01
1.861179e+01
1.845312e+01
1.830157e+01
1.815741e+01
1.802090e+01
1.789228e+01
1.777180e+01
1.765965e+01
1.755605e+01
1.746118e+01
1.737521e+01
1.729828e+01
1.723052e+01
1.717207e+01
1.712301e+01
1.708343e+01
1.705339e+01
1.703294e+01
1.702209e+01
1.702087e+01
1.702927e+01
1.704725e+01
1.707478e+01
1.711178e+01
1.715818e+01
1.721389e+01
1.727877e+01
1.735271e+01
1.743555e+01
1.752713e+01
1.762725e+01
1.773573e+01
1.785234e+01
1.797686e+01
1.810903e+01
1.824861e+01
1.839532e+01
1.854886e+01
1.870895e+01
1.887526e+01
1.904748e+01
1.922527e+01
1.940828e+01
1.959617e+01
1.978856e+01
1.998508e+01
2.018536e+01
2.038901e+01
2.059563e+01
2.080482e+01
2.101619e+01
2.122933e+01
2.144382e+01
2.165925e+01
2.187522e+01
2.209129e+01
2.230707e+01
2.252213e+01
2.273606e+01
2.294845e+01
2.315890e+01
2.336699e+01
2.357234e+01
2.377455e+01
2.397324e+01
2.416801e+01
2.435851e+01
2.454436e+01
2.472521e+01
2.490072e+01
2.507055e+01
2.523438e+01
2.539190e+01
2.554280e+01
2.568680e+01
2.582362e+01
2.595301e+01
2.607472e+01
2.618852e+01
2.629419e+01
2.639153e+01
2.648037e+01
2.656053e+01
2.663186e+01
2.669423e+01
2.674752e+01
2.679164e+01
2.682650e+01
2.685204e+01
2.686822e+01
2.687500e+01
2.687238e+01
2.686037e+01
2.683900e+01
2.680830e+01
2.676835e+01
2.671923e+01
2.666102e+01
2.659386e+01
2.651787e+01
2.643320e+01
2.634002e+01
2.623852e+01
2.612888e+01
2.601134e+01
2.588612e+01
2.575346e+01
2.561363e+01
2.546690e+01
2.531355e+01
2.515389e+01
2.498822e+01
2.481688e+01
2.464019e+01
2.445851e+01
2.427218e+01
2.408157e+01
2.388705e+01
2.368901e+01
2.348783e+01
2.328390e+01
2.307762e+01
2.286939e+01
2.265963e+01
2.244873e+01
2.223713e+01
2.202522e+01
2.181342e+01
2.160215e+01
2.139183e+01
2.118286e+01
2.097566e+01
2.077063e+01
2.056817e+01
2.036869e+01
2.017258e+01
1.998022e+01
1.979200e+01
1.960828e+01
1.942943e+01
1.925581e+01
1.908776e+01
1.892561e+01
1.876969e+01
1.862032e+01
1.847778e+01
1.834237e+01
1.821436e+01
1.809401e+01
1.798156e+01
1.787725e+01
1.778129e+01
1.769389e+01
1.761521e+01
1.754544e+01
1.748472e+01
1.743318e+01
1.739095e+01
1.735811e+01
1.733475e+01
1.732094e+01
1.731671e+01
1.732209e+01
1.733710e+01
1.736172e+01
1.739593e+01
1.743968e+01
1.749290e+01
1.755552e+01
1.762744e+01
1.770854e+01
1.779868e+01
1.789772e+01
1.800549e+01
1.812180e+01
1.824645e+01
1.837923e+01
1.851991e+01
1.866824e+01
1.882396e+01
1.898679e+01
1.915646e+01
1.933265e+01
1.951506e+01
1.970336e+01
1.989722e+01
2.009628e+01
2.030021e+01
2.050862e+01
2.072115e+01
2.093742e+01
2.115704e+01
2.137961e+01
2.160474e+01
2.183203e+01
2.206106e+01
2.229142e+01
2.252271e+01
2.275451e+01
2.298639e+01
2.321795e+01
2.344877e+01
2.367844e+01
2.390655e+01
2.413268e+01
2.435644e+01
2.457742e+01
2.479524e+01
2.500950e+01
2.521983e+01
2.542584e+01
2.562719e+01
2.582350e+01
2.601444e+01
2.619967e+01
2.637887e+01
2.655171e+01
2.671791e+01
2.687718e+01
2.702923e+01
2.717382e+01
2.731069e+01
2.743961e+01
2.756037e+01
2.767276e+01
2.777661e+01
2.787174e+01
2.795800e+01
2.803527e+01
2.810341e+01
2.816234e+01
2.821197e+01
2.825224e+01
2.828310e+01
2.830453e+01
2.831651e+01
2.831906e+01
2.831219e+01
2.829596e+01
2.827042e+01
2.823567e+01
2.819179e+01
2.813890e+01
2.807713e+01
2.800664e+01
2.792759e+01
2.784017e+01
2.774456e+01
2.764100e+01
2.752970e+01
2.741092e+01
2.728490e+01
2.715194e+01
2.701230e+01
2.686630e+01
2.671424e+01
2.655644e+01
2.639325e+01
2.622500e+01
2.605205e+01
2.587476e+01
2.569351e+01
2.550867e+01
2.532063e+01
2.512979e+01
2.493654e+01
2.474128e+01
2.454442e+01
2.434637e+01
2.414754e+01
2.394835e+01
2.374921e+01
2.355053e+01
2.335274e+01
2.315623e+01
2.296143e+01
2.276873e+01
2.257854e+01
2.239126e+01
2.220728e+01
2.202699e+01
2.185076e+01
2.167898e+01
2.151199e+01
2.135016e+01
2.119383e+01
2.104333e+01
2.089900e+01
2.076113e+01
2.063003e+01
2.050598e+01
2.038927e+01
2.028014e+01
2.017884e+01
2.008561e+01
2.000065e+01
1.992417e+01
1.985635e+01
1.979735e+01
1.974733e+01
1.970641e+01
1.967472e+01
1.965236e+01
1.963939e+01
1.963589e+01
1.964189e+01
1.965744e+01
1.968252e+01
1.971714e+01
1.976127e+01
1.981486e+01
1.987784e+01
1.995014e+01
2.003165e+01
2.012226e+01
2.022183e+01
2.033022e+01
2.044725e+01
2.057275e+01
2.070650e+01
2.084830e+01
2.099790e+01
2.115508e+01
2.131956e+01
2.149107e+01
2.166933e+01
2.185403e+01
2.204485e+01
2.224148e+01
2.244359e+01
2.265081e+01
2.286280e+01
2.307920e+01
2.329962e+01
2.352369e+01
2.375103e+01
2.398123e+01
2.421390e+01
2.444863e+01
2.468502e+01
2.492266e+01
2.516112e+01
2.540000e+01
2.563888e+01
2.587734e+01
2.611498e+01
2.635137e+01
2.658610e+01
2.681877e+01
2.704897e+01
2.727631e+01
2.750038e+01
2.772080e+01
2.793720e+01
2.814919e+01
2.835641e+01
2.855852e+01
2.875515e+01
2.894597e+01
2.913067e+01
2.930893e+01
2.948044e+01
2.964492e+01
2.980210e+01
2.995170e+01
3.009350e+01
3.022725e+01
3.035275e+01
3.046978e+01
3.057817e+01
3.067774e+01
3.076835e+01
3.084986e+01
3.092216e+01
3.098514e+01
3.103873e+01
3.108286e+01
3.111748e+01
3.114256e+01
3.115811e+01
3.116411e+01
3.116061e+01
3.114764e+01
3.112528e+01
3.109359e+01
3.105267e+01
3.100265e+01
3.094365e+01
3.087583e+01
3.079935e+01
3.071439e+01
3.062116e+01
3.051986e+01
3.041073e+01
3.029402e+01
3.016997e+01
3.003887e+01
2.990100e+01
2.975667e+01
2.960617e+01
2.944984e+01
2.928801e+01
2.912102e+01
2.894924e+01
2.877301e+01
2.859272e+01
2.840874e+01
2.822146e+01
2.803127e+01
2.783857e+01
2.764377e+01
2.744726e+01
2.724947e+01
2.705079e+01
2.685165e+01
2.665246e+01
2.645363e+01
2.625558e+01
2.605872e+01
2.586346e+01
2.567021e+01
2.547937e+01
2.529133e+01
2.510649e+01
2.492524e+01
2.474795e+01
2.457500e+01
2.440675e+01
2.424356e+01
2.408576e+01
2.393370e+01
2.378770e+01
2.364806e+01
2.351510e+01
2.338908e+01
2.327030e+01
2.315900e+01
2.305544e+01
2.295983e+01
2.287241e+01
2.279336e+01
2.272287e+01
2.266110e+01
2.260821e+01
2.256433e+01
2.252958e+01
2.250404e+01
2.248781e+01
2.248094e+01
2.248349e+01
2.249547e+01
2.251690e+01
2.254776e+01
2.258803e+01
2.263766e+01
2.269659e+01
2.276473e+01
2.284200e+01
2.292826e+01
2.302339e+01
2.312724e+01
2.323963e+01
2.336039e+01
2.348931e+01
2.362618e+01
2.377077e+01
2.392282e+01
2.408209e+01
2.424829e+01
2.442113e+01
2.460033e+01
2.478556e+01
2.497650e+01
2.517281e+01
2.537416e+01
2.558017e+01
2.579050e+01
2.600476e+01
2.622258e+01
2.644356e+01
2.666732e+01
2.689345e+01
2.712156e+01
2.735123e+01
2.758205e+01
2.781361e+01
2.804549e+01
2.827729e+01
2.850858e+01
2.873894e+01
2.896797e+01
2.919526e+01
2.942039e+01
2.964296e+01
2.986258e+01
3.007885e+01
3.029138e+01
3.049979e+01
3.070372e+01
3.090278e+01
3.109664e+01
3.128494e+01
3.146735e+01
3.164354e+01
3.181321e+01
3.197604e+01
3.213176e+01
3.228009e+01
3.242077e+01
3.255355e+01
3.267820e+01
3.279451e+01
3.290228e+01
3.300132e+01
3.309146e+01
3.317256e+01
3.324448e+01
3.330710e+01
3.336032e+01
3.340407e+01
3.343828e+01
3.346290e+01
3.347791e+01
3.348329e+01
3.347906e+01
3.346525e+01
3.344189e+01
3.340905e+01
3.336682e+01
3.331528e+01
3.325456e+01
3.318479e+01
3.310611e+01
3.301871e+01
3.292275e+01
3.281844e+01
3.270599e+01
3.258564e+01
3.245763e+01
3.232222e+01
3.217968e+01
3.203031e+01
3.187439e+01
3.171224e+01
3.154419e+01
3.137057e+01
3.119172e+01
3.100800e+01
3.081978e+01
3.062742e+01
3.043131e+01
3.023183e+01
3.002937e+01
2.982434e+01
2.961714e+01
2.940817e+01
2.919785e+01
2.898658e+01
2.877478e+01
2.856287e+01
2.835127e+01
2.814037e+01
2.793061e+01
2.772238e+01
2.751610e+01
2.731217e+01
2.711099e+01
2.691295e+01
2.671843e+01
2.652782e+01
2.634149e+01
2.615981e+01
2.598312e+01
2.581178e+01
2.564611e+01
2.548645e+01
2.533310e+01
2.518637e+01
2.504654e+01
2.491388e+01
2.478866e+01
2.467112e+01
2.456148e+01
2.445998e+01
2.436680e+01
2.428213e+01
2.420614e+01
2.413898e+01
2.408077e+01
2.403165e+01
2.399170e+01
2.396100e+01
2.393963e+01
2.392762e+01
2.392500e+01
2.393178e+01
2.394796e+01
2.397350e+01
2.400836e+01
2.405248e+01
2.410577e+01
2.416814e+01
2.423947e+01
2.431963e+01
2.440847e+01
2.450581e+01
2.461148e+01
2.472528e+01
2.484699e+01
2.497638e+01
2.511320e+01
2.525720e+01
2.540810e+01
2.556562e+01
2.572945e+01
2.589928e+01
2.607479e+01
2.625564e+01
2.644149e+01
2.663199e+01
2.682676e+01
2.702545e+01
2.722766e+01
2.743301e+01
2.764110e+01
2.785155e+01
2.806394e+01
2.827787e+01
2.849293e+01
2.870871e+01
